gis_id,area_m2,nBuild_veryheavy,nBuild_heavy,nBuild_moderate,nBuild_slight
0,3173132.37004,0.012004,0.172366,2.276544,8.522147
1,7961695.19234,0.06749,0.49339,4.391586,15.320282
2,27879057.6745,1.456038,8.570043,51.49664,124.653974
3,622040.639794,110.996426,213.559589,568.449195,847.675693
4,403692.124796,77.764516,144.36128,392.431638,644.818918
5,369512.942368,59.765988,114.262197,333.284016,559.791515
6,227775.461934,44.749313,72.631504,218.188304,375.425452
7,351122.417615,54.23728,104.146224,307.896911,530.978362
8,358231.131848,41.956089,70.026073,204.371527,309.657869
9,432167.438906,77.747063,124.553173,361.954434,595.67752
10,707464.515872,60.771725,93.742,242.093526,338.474269
11,3596608.31294,23,76,465,1180
12,861905.563247,2.647498,8.000093,83.77183,385.574303
13,1532662.74179,7.767678,24.21492,172.878464,506.647478
14,893821.832772,1.481622,4.815914,50.760274,252.700327
15,1503880.12431,4.120655,16.796162,127.635203,372.750464
16,1050986.04688,1,10,88,244
17,635344.924073,1,6,49,129
18,1561739.8753,2,13,108,371
19,971436.589038,0,3,24,61
20,11929587.5144,1,6,46,125
21,1579406.52464,1,6,53,146
22,29517235.3223,45.483601,186.360172,780.388851,1145.828909
23,3171553.84019,81,147,488,752
24,813544.525892,88,143,521,922
25,465361.139709,67.879055,108.873597,327.378907,570.572955
26,1504794.18102,62,93,200,167
27,574360.905103,79.716884,123.662833,329.782339,457.382596
28,466798.709727,76.689811,118.921659,340.849233,571.826679
29,318474.930563,53.303973,83.355449,237.490926,371.461452
30,360614.900804,56.378489,86.51962,228.701557,309.824454
31,500081.041473,128.424369,184.791186,455.897785,621.004175
32,939754.72786,138.539393,186.446224,408.455511,448.424846
33,859837.24241,50.04889,76.217758,208.513347,293.471147
34,291927.13427,46.608619,72.484225,208.065035,349.921331
35,404032.016462,51.853482,82.372527,250.805521,471.671688
36,438341.547701,63.752953,99.994915,319.857288,653.898899
37,310245.718574,49.271888,77.449599,222.142442,389.034091
38,274561.137395,41.747679,81.664819,245.322262,365.026567
39,312505.074227,43.525533,78.891796,237.554385,422.139771
40,422058.683586,41.205246,69.618276,225.905564,486.520442
41,985199.432799,81.292084,130.082546,349.828315,510.408893
42,168800.42741,28.908862,47.64253,128.360784,180.749465
43,81176.0700971,7.328429,12.871949,43.035822,103.492509
44,176974.480137,9.482304,17.209078,60.04303,149.390814
45,133116.945664,3.94362,8.539476,28.050932,42.944902
46,88872.8329595,5.734392,13.085499,43.326583,62.683459
47,102312.840738,8.897344,18.689027,57.12782,73.631622
48,86467.3058369,12.375424,24.504629,71.945472,90.931962
49,50844.4253412,9.290468,17.288692,48.332215,59.288268
50,84714.3825254,17.58084,29.7158,79.331144,104.529723
51,106496.748926,14.553083,20.761002,44.213018,49.114505
52,290694.345564,9.39409,19.906115,68.137389,111.553271
53,112361.900542,6.773887,11.694044,36.760892,68.162598
54,208577.980936,28.596865,50.846997,154.625306,249.501333
55,47160.9956373,9.76763,20.058299,64.817626,111.261081
56,103457.626926,6.243333,12.132802,37.529501,62.769436
57,82092.1453089,12.478215,25.501434,85.100971,144.292208
58,51364.1757846,11.999312,22.652454,68.78145,105.688243
59,110313.180688,18.622794,31.759929,94.333477,135.124393
60,147434.123363,20.776893,35.268175,107.925255,181.306894
61,67041.5820244,13.428481,23.461846,69.643929,106.96206
62,109747.811748,28.896416,50.762003,151.031358,225.720802
63,125680.375229,18.689648,33.022051,98.731696,152.630196
64,150911.356614,22.952489,41.149881,123.64378,187.275674
65,66052.9488736,13.032498,24.788001,77.498629,115.110815
66,149542.853761,19.681137,36.338417,111.513778,176.338536
67,201721.029479,11.076092,20.343087,67.18872,137.159502
68,202674.148707,17.115576,34.364447,97.971632,124.063134
69,251913.34548,27.217473,53.243753,163.600373,232.038643
70,158312.632858,11.508925,22.414455,68.676266,99.743404
71,139766.606484,10.472913,21.186352,78.413853,161.054189
72,307064.41545,12.533833,23.843178,75.360307,145.792274
73,879767.169247,25.338418,53.370457,157.488447,211.256297
75,1390947.47769,8.412109,51.734079,285.171547,511.861541
76,1063050.216,7.140279,40.813359,222.999566,409.587759
77,1017179.85609,7.534043,49.257839,293.523529,569.352938
78,1069247.68149,6.233856,40.459048,256.278192,518.370007
79,1666898.83913,12.253813,60.021174,361.735873,742.381661
80,1389619.40964,13.824716,67.924654,389.510952,781.25031
81,838932.400533,6.305851,36.326098,216.566165,460.892155
82,1266795.62101,4.191326,28.743825,181.994167,377.376927
83,1641419.19806,7.185759,41.76538,259.595348,567.886766
84,1066229.50865,3.456919,22.837594,168.119853,417.043297
86,1914348.34427,1.531755,11.927618,95.881736,265.157365
87,3131173.82533,8.914286,58.336523,368.418065,789.320864
88,2970404.30315,3.419547,26.281893,178.434368,435.523749
89,1295821.55303,7.562365,44.943755,292.282823,676.252982
90,720865.043492,84.169221,155.018763,477.226638,602.938613
91,906619.02204,88.398823,133.506572,324.66224,414.916818
92,456818.264048,66.570912,117.630137,326.708257,437.393342
93,577985.992603,86.143632,179.815922,520.473966,675.997972
94,669114.483983,51.672173,115.549856,390.585037,591.067701
95,285542.09967,7.391881,16.576054,55.351828,88.293202
96,874027.317664,62.418249,112.260809,313.459197,373.598367
97,322703.087493,34.361681,65.322773,219.306818,315.852902
98,258222.899277,41.730216,84.969939,261.969094,328.500282
99,1324300.92178,108.758059,209.413052,625.801234,802.905021
100,1476701.80127,87.497188,171.082011,532.626352,721.896547
101,1414120.98017,115.167817,236.291316,800.505685,1211.111109
102,1023628.657,81.64367,180.657814,645.15092,891.820918
103,1865699.60899,95.218134,243.064915,923.964346,1398.572658
104,3073511.84191,45.826938,116.284149,452.122581,751.190896
105,4390283.32159,56.886041,162.503301,709.281934,1314.514429
106,5202262.67969,11.19857,44.858685,203.87348,361.973083
107,1518915.49842,53.979475,74.186531,168.491657,183.727585
108,8494687.11261,8.117301,25.182853,118.102359,355.761437
109,1613543.58854,32.074907,96.953037,473.366777,985.401531
110,1099309.55843,20.593041,75.357623,434.740896,991.275757
111,3260307.62998,62.434639,124.834961,377.741775,512.672006
112,1268078.90399,29.357123,59.900772,216.375197,368.977983
113,1253770.35644,37.159293,92.347429,362.738766,592.351509
114,547593.800311,70.960084,134.866881,471.308982,802.062859
115,576515.817308,43.035942,89.287197,353.619053,621.66117
116,378320.376755,48.942043,97.84653,356.796687,572.272346
117,2033812.29891,25.460437,43.979204,125.841468,181.720536
118,154509.466327,16.551283,32.874869,134.58691,233.627101
119,289456.700926,30.680327,61.629727,253.045082,456.435879
120,348931.908512,39.003791,76.640845,308.349401,528.813524
121,224230.227879,25.920199,51.861242,211.441328,373.598876
122,662733.485938,40.833828,79.807652,318.832748,561.184797
123,402074.58134,39.298788,79.53833,308.540007,529.624102
124,73538.4910238,4.339305,9.493502,35.047501,89.033537
125,62695.8196166,11.205432,21.091818,67.822577,122.903784
126,136300.369257,22.799745,29.04483,69.126715,100.194081
127,159971.234568,17.193592,29.253926,85.840451,156.76586
128,84763.6182004,1.749295,4.920453,22.653347,84.071368
129,92277.5625936,16.799417,22.30782,57.362747,102.201255
130,71455.4213355,2.160796,5.373698,22.422797,72.834115
131,238516.825604,2.065226,5.226434,22.897236,83.156733
132,102969.578864,2.817273,8.749741,39.165433,128.288724
133,140095.513136,2.369971,6.77646,30.582309,108.086692
134,87550.8181372,1.518312,4.340079,20.54991,81.586156
135,63124.0143235,0.549573,1.720771,7.903563,26.509289
136,241724.696849,2.922859,6.850319,26.296152,63.450838
137,86088.377273,1.496711,4.03487,19.686031,84.992284
138,112305.397999,1.895851,5.186146,25.676648,110.661271
139,354269.359158,1.51793,4.187224,22.196639,86.351475
140,251578.676505,3.526876,7.100118,28.792928,91.442137
141,108207.272702,3.910654,8.261699,30.839106,81.617256
142,103760.294322,5.108279,14.360376,59.57823,159.156686
143,62757.9073548,11.290687,22.861081,76.475919,141.797226
144,48895.2195916,3.922316,10.279201,39.769854,107.000336
145,52427.1075268,2.753413,7.744144,32.312061,96.901984
146,94118.2748108,3.698346,14.236236,64.292566,172.121136
147,157689.150272,2.597566,8.913322,39.841689,132.3086
148,97069.4357298,2.686492,7.826568,35.721018,139.751293
149,63680.1464871,1.444272,4.141134,18.243564,69.029975
150,64936.5984406,1.421089,4.600115,19.366619,60.008009
151,84000.9143274,19.501846,32.502408,92.479388,131.397043
152,91785.3257011,2.139429,6.085994,25.149415,66.538623
153,106593.838686,1.895044,5.314168,24.119734,94.461606
154,133905.436218,7.186276,13.253255,52.71943,136.689056
155,425314.443278,28.693546,44.876952,126.606957,194.358802
156,197658.575727,15.726586,28.831842,96.914707,178.638934
157,259357.126074,29.330417,65.652368,199.803001,314.522068
158,336021.846722,16.434935,37.326062,133.18424,292.413157
159,106969.361835,15.219103,27.663911,83.879822,140.019219
160,411399.897469,10.394451,28.0785,146.25446,352.468284
161,349198.517714,18.082953,38.916762,163.545073,361.418844
162,277319.603365,11.608817,20.752672,74.004726,147.979991
163,676228.950322,21.850042,38.691637,123.185947,226.144236
164,407582.443376,11.27152,21.101915,79.746606,174.85109
165,494211.682395,26.226389,55.152546,207.528613,405.609826
166,538029.515215,21.956887,44.993848,165.968771,311.244985
167,327700.890861,7.685583,26.112424,148.084174,386.594685
168,493731.392467,8.766748,26.383664,168.266439,490.148838
169,62941.4342045,9.877321,19.341243,61.000312,101.221402
170,1285575.52168,11.394541,66.715354,378.60633,702.420494
171,16262280.7184,40.887005,176.227987,821.149086,1480.676398
172,4271011.0244,5.322927,26.816857,122.699931,197.423353
173,8360195.31877,12.382698,72.272819,331.960868,525.598004
174,1370208.18283,0.467357,3.786649,23.306515,48.449108
175,2745828.08898,0.773544,5.448162,32.210492,72.140002
176,26269901.3482,7.887127,49.315028,287.373539,594.965766
177,3717628.62206,2.507666,23.661146,137.679098,274.252865
178,26289020.6837,0.818478,10.783617,64.581993,117.33035
179,1934451.14252,103.016518,236.032799,674.399978,730.593001
180,1365569.90161,77.315623,198.926761,585.668515,717.405224
181,4944281.36106,46.361841,98.456471,311.658963,450.401275
182,1287207.0925,25.613459,73.480207,249.853139,278.104575
183,2112356.67128,22.552312,65.146352,291.992767,553.207179
184,6335640.63436,56.247142,183.21735,736.601714,1000.972739
185,3019606.60224,19.106634,64.931029,254.676567,394.88375
186,919008.88232,14.207427,43.33729,193.385174,344.149385
187,2935119.90419,10.607698,37.775168,190.751287,458.30909
188,739352.980773,6.410946,19.480928,137.185883,462.170416
189,715930.687277,11.178243,33.694427,131.03697,194.365302
190,2155379.64174,11.423694,46.940479,212.283027,354.168328
191,379787.736659,1.546174,5.29405,46.202149,187.091022
192,1227947.80958,47,114,507,961
193,1388443.52002,36,86,315,455
194,3440522.80472,7.747382,37.732986,164.472149,552.337321
195,883425.683989,5.890546,24.479374,120.787043,404.679295
196,1278688.38328,2.487444,9.08246,73.729327,359.692223
197,12461138.1393,19,150,676,1005
198,1446486.79531,3.041334,7.551054,39.175555,207.551508
199,2272744.95854,13,41,200,501
200,230443.417718,36,72,229,366
201,1165092.4613,11.369169,38.485959,187.630607,386.151753
202,25232444.2675,0.520389,6.019288,45.222555,118.183164
203,16247620.1581,0.225007,0.963157,10.106682,33.191543
204,14695287.0136,0.889917,4.050969,24.104626,71.862518
205,5604465.90756,0.462493,1.731385,12.892589,39.974603
206,1745830.09915,0.873694,3.523921,38.548206,116.745803
207,4724481.89888,0.210292,0.948723,8.713698,30.332187
208,4424326.59443,0.565956,1.461257,9.593681,19.834997
209,17412136.568,0.467643,1.546088,9.373989,22.670059
210,19389765.7708,0.245852,1.080156,9.302258,27.618703
211,17843621.7013,0.395211,1.37528,7.235938,18.402894
212,22894214.8909,0.805751,2.999091,12.36573,32.382657
213,5177560.52574,0.235706,0.936253,7.607492,21.933451
214,10445704.9362,0.048004,0.467296,7.048101,24.610172
215,15156244.6543,0.397524,1.634271,7.682131,20.238932
216,4075678.45744,0.019096,0.22327,2.407173,9.080574
217,7705936.86162,0.038915,0.520567,6.685871,24.849682
218,8712160.44002,0.212101,1.503502,13.986005,49.117844
219,638815.120577,10.175299,24.508123,112.121462,242.680872
220,6502038.27681,0.210108,0.824381,3.175603,8.066349
221,12078461.4341,0.279819,1.264073,6.01592,17.696562
222,7710291.1877,0.279714,1.614883,12.010598,40.06811
223,18764032.0853,0.665536,3.518789,23.331099,74.770971
224,5470247.00421,0.22856,3.440559,50.382736,184.795561
225,215645.858064,0.072642,0.462457,6.652841,28.585465
226,5059283.60407,0.953114,5.271216,60.660622,209.399867
227,10205890.4375,0.243878,1.590356,14.622473,47.500292
228,6655144.79919,0.302851,1.21511,5.154558,13.167777
229,10906450.5555,0.411617,1.691566,7.544833,20.356825
230,22033255.7584,0.303799,1.347054,6.884769,20.188638
231,7654174.58255,0.180071,0.710424,3.235289,8.947482
232,4042551.18819,0.171771,1.564944,17.466998,59.980146
233,1332552.55412,7.360371,37.771089,232.988255,524.085309
234,650547.982168,5.949171,24.790003,162.728294,415.180131
235,1833699.18541,0.899709,5.27939,52.349849,154.331751
236,6390216.1017,1.57712,5.921451,37.539322,109.578326
237,3304993.28868,0.243323,1.453541,12.090725,40.469319
238,12790893.1632,0.272854,1.510372,7.305621,18.844924
239,11855957.6419,0.394999,2.01097,9.40183,25.708587
240,13323166.2158,0.393806,1.583531,7.32285,19.486137
241,36069873.2436,0.785139,3.31434,15.736345,41.318144
242,19568508.542,0.318339,1.693672,7.833186,19.398885
243,9196729.1426,1.096025,5.748404,25.675564,63.089708
244,17787393.4264,0.181219,0.924364,4.322391,10.80569
245,22023989.1066,0.782955,2.933716,15.890191,36.006068
246,14313662.86,0.537123,2.151452,10.471287,26.797673
247,11512683.8211,0.249663,1.047004,5.992936,18.32697
248,8110874.81414,0.133246,0.683997,4.050595,12.128905
249,4142367.5713,0.133994,0.686718,4.179595,13.482247
250,8443825.60315,0.54613,2.092846,10.431817,30.014194
251,15277654.3958,0.073272,0.310177,1.713173,5.173242
252,488175.909966,4.655238,13.983146,64.692836,276.97479
253,813248.063232,8.177854,33.291218,217.054375,557.085298
254,1701886.08647,8.293571,27.016557,133.138451,513.214868
255,3238683.28394,11.757691,36.99916,234.789238,734.144861
256,1163284.20984,9.279745,26.289856,129.819304,320.699715
257,1221077.75488,8.188874,23.307223,122.465771,309.045155
258,362363.443387,6.448864,17.470116,87.741644,162.171416
259,499705.637199,10.033271,27.315768,134.987836,266.280255
260,779340.558551,16.078288,43.56108,208.13587,364.750579
261,783893.896664,7.048289,23.400984,130.348959,305.653766
262,1161436.77641,6.825207,23.138696,161.216264,486.693801
263,2867107.47484,21.07714,92.849531,556.884672,1270.538011
264,1040977.37028,3.163784,15.251075,111.179077,366.10744
265,1846738.40046,7.306027,26.037053,179.294694,537.072408
266,1421374.0699,17.22212,57.654988,285.656791,611.072047
267,13734201.384,6.015632,27.801285,132.815056,219.120387
268,1247240.78591,4.254326,21.044041,130.97698,315.897392
269,1336324.45842,6.989289,27.429865,144.112603,313.466771
270,312418.160195,7.869036,23.792361,107.058524,195.645218
271,3379833.89223,10.000693,47.750717,271.004381,665.352363
272,1721042.23598,28.065611,107.314312,406.77847,795.741576
273,1476773.46274,4.656995,20.636899,111.516003,255.922684
274,1379489.14446,7.679808,40.674134,229.722044,536.581183
275,2907137.01279,21.655727,59.590189,308.128311,617.730164
276,1911120.06845,10.380449,24.104645,104.539695,254.378725
277,1113646.41421,7.978892,19.473178,131.468165,437.78669
278,1673307.24223,8.047949,22.357448,151.284081,434.796636
279,3986055.41109,12.695641,44.447712,198.674569,440.953981
280,1076046.93912,7.289234,17.377094,108.844035,377.311877
281,2541373.51899,9.467066,31.988067,208.916258,564.135675
282,321242.585839,6.22692,15.144697,72.677958,188.030735
283,1352421.3218,11.904426,31.49494,184.939632,517.283782
284,1382627.74891,11.468511,32.96681,169.632385,373.212909
285,1356463.40988,16.112483,47.462193,252.47013,482.548637
286,782479.945343,10.366985,29.244609,167.044795,325.333831
287,526825.683287,12.821208,30.653213,148.498162,279.494799
288,1475313.17113,5.120878,20.800365,141.358331,406.730605
289,1059206.20946,3.012895,9.631972,72.413065,255.199424
290,1716586.32,6.352659,20.575534,133.165401,396.855077
291,1152326.62784,6.281667,21.970941,132.934253,365.74361
292,2575522.13017,19.322542,72.025103,400.814153,947.563569
293,1773333.95222,3.533937,9.316454,42.010086,193.928237
294,969293.912009,8.656022,31.923663,152.49203,314.124793
295,1771185.12733,7.831115,20.166039,96.222382,345.303998
296,1488091.83044,4.968839,12.211356,68.229633,265.259419
297,859183.156986,18.766137,41.032754,188.524075,517.535424
298,3882462.26285,4,26,191,493
299,421578.557286,1,3,26,102
300,1834251.43069,10,52,352,785
301,822207.612524,0,1,13,70
302,1246254.89834,4,17,115,392
303,1833267.17784,26,105,388,634
304,11427153.0172,5,52,321,658
305,2565041.32127,39,126,397,450
306,600574.066927,0.353803,2.112519,18.224751,68.429678
307,7356127.92442,78,213,744,1075
308,582744.681317,5,13,54,170
310,1227452.4102,0.733856,5.285459,47.672474,178.815305
311,1782606.18244,3.713877,20.729373,159.113854,482.744979
312,355522.79291,29.712843,47.918538,175.945028,350.586406
313,1177682.34876,12.040257,22.733358,67.625608,87.977734
314,3069715.42946,4.571067,16.215068,60.222328,83.542583
315,209664.385349,28.117131,57.422769,225.914414,386.562572
316,232131.454777,27.428053,54.320961,199.255622,327.706983
317,244620.693921,7.704677,15.170616,59.417964,106.582166
318,855500.417152,1.019502,2.989151,15.322985,67.789128
319,175577.218354,3.006127,10.690609,49.105897,171.583643
320,101835.152726,1.53704,4.660177,22.695072,97.681408
321,185722.812841,4.084717,14.370857,69.00647,247.970888
322,180977.536655,2.749421,7.23443,37.230143,187.356907
323,246792.285509,2.617723,7.073866,37.342245,182.491506
324,329930.148752,4.285251,12.641448,63.779492,255.421967
325,440412.293822,1.180584,4.666712,21.828416,79.715935
326,315913.608088,0.244126,0.902589,4.894413,19.5432
327,349556.163191,1.84849,6.048337,32.767554,154.3703
328,745221.558802,5.443082,21.510728,93.092816,325.156388
329,138789.376318,1.637588,4.229976,22.023415,118.114654
330,236800.429798,3.784434,14.325151,64.836234,211.855797
331,176472.577971,1.682133,5.722005,30.002257,118.119934
332,1136405.61727,4.087095,9.53332,54.190271,284.192376
333,371166.942042,1.777077,4.291969,21.60214,122.200201
334,432759.615569,2.119196,4.833195,23.614054,131.425373
335,98058.0891834,1.497846,3.289003,15.434343,79.693569
336,299396.585925,6.627997,13.181076,57.943857,262.834965
337,476347.201206,2.511006,5.771742,29.667695,179.84763
338,677605.838412,2.153754,5.025409,25.528273,165.728171
339,1494477.94007,2.172736,7.486554,32.917354,144.554483
340,454952.481632,2.696286,7.792587,41.706893,206.049482
341,421968.394128,2.239842,6.965335,37.144532,176.235998
342,80884.406558,1,2,12,66
343,209488.512807,6,14,62,190
344,165630.187809,8,18,71,169
345,273176.554203,3,7,35,110
346,144666.668417,2,6,31,111
347,596816.492996,1,3,17,93
348,554708.354521,1,3,24,67
349,647832.91401,2,4,25,135
350,1122306.73398,4,11,55,168
351,569654.431258,11,32,127,293
352,849032.883748,7,20,96,239
353,759230.517167,0,1,7,40
354,524429.886169,1,3,23,88
355,1028205.39475,1,2,21,103
356,727921.70877,0,2,17,65
357,422725.716811,1,7,52,164
358,1010223.71188,1,6,38,116
359,2624513.89613,1,4,28,106
360,1080392.31493,2,8,95,248
361,1525711.67871,3,11,73,220
362,1243239.83128,2,6,46,143
363,1211748.52909,1,4,44,137
364,936048.021644,2.529995,10.756224,77.11106,222.918631
365,889714.870079,2.963057,12.30489,73.696085,186.818236
366,1107353.34711,3.239744,19.198567,153.392597,434.275737
367,1417066.35916,0.682029,3.488421,38.675263,130.172218
368,2632629.39578,3.73152,17.698172,125.231136,383.884716
369,1093898.37701,11.570592,31.898917,178.416249,528.714887
370,2189682.70515,12.091772,32.107849,160.91819,457.957638
371,847646.658055,7.547472,21.820267,136.799231,430.061809
372,780009.754054,9.467722,25.31014,122.859272,325.965717
373,735242.54943,10.234722,24.571148,108.184242,239.930719
374,9940624.85566,15.762394,43.458919,210.778794,531.828998
375,911163.188863,19.134911,49.389119,203.126996,397.388145
376,2517407.4458,2.561086,18.665543,113.723845,243.286355
377,3386922.9572,3.233194,11.513804,62.833995,251.685641
378,1094043.99418,3.047503,9.840537,70.607932,286.26265
379,748964.681533,2.850237,8.549558,74.463184,356.155242
380,376007.344301,2.188302,7.963984,55.465277,228.707681
381,208038.960426,0.734095,1.956862,17.141135,83.46061
382,522328.313772,3.578213,10.98062,95.475263,393.193795
383,370948.784316,2.771471,8.059644,66.518246,276.011827
384,220948.231497,1.683722,4.985973,41.347708,173.106719
385,190875.312295,1.738057,5.695404,50.676901,203.73938
386,300220.809535,2.643585,10.059186,86.026967,311.125189
387,339317.380344,6.490628,21.459888,125.373923,304.46115
388,444034.303297,4.043905,13.900934,87.018746,313.435923
389,6614804.33452,2.912677,17.656451,116.508217,335.145348
390,761933.558093,57,107,334,533
391,815972.476944,57,104,345,582
392,488438.28711,52,98,309,530
393,1268536.67124,68,135,483,826
394,506608.261661,50,86,260,442
395,809007.295837,116,202,589,1008
396,841282.975718,68,137,483,1025
397,592564.058767,18,43,175,384
398,1489426.71667,66,143,619,1251
399,1735571.02172,26,55,233,468
400,935975.166812,27.724982,58.168731,208.543812,288.057402
401,670455.175784,23.772927,65.606713,296.600248,492.240037
402,882823.757622,26.23757,53.466991,186.580858,322.433919
403,306654.777382,4.818909,17.487858,90.489248,239.90305
404,548734.276119,21.523532,53.845611,235.778356,482.383335
405,473828.199369,13.519848,37.417854,182.885098,340.011075
406,230522.371823,9.983228,25.884438,118.874881,243.828514
407,1661776.8027,26.329465,62.231102,260.282067,365.604039
408,515565.540777,14.725518,36.310013,156.54857,287.600692
409,446152.115446,6.236526,21.859986,101.201771,265.017746
410,434430.747529,4.847557,17.741529,95.838619,197.005939
411,1110677.17659,12.056037,40.856268,196.592499,524.071343
412,1364539.45606,4.155752,12.650125,83.367894,345.429162
413,1044907.41419,6.923336,25.652057,148.088584,452.315622
414,1336846.81403,4.420671,18.482329,106.810328,402.280683
415,701934.11976,11.094369,43.212804,176.953837,478.916063
416,292222.278432,7.656893,25.751427,135.914675,332.857111
417,309416.251097,4.376191,15.844053,90.31114,250.740634
418,319807.248056,7.488094,28.933216,126.534819,307.592661
419,1027159.70063,9.547482,21.681518,126.074988,403.060707
420,609717.371309,14.873016,51.220397,218.73917,561.481786
421,848556.561851,17.228721,45.041243,248.626421,621.856687
422,630967.79813,8.370674,24.389284,141.944902,423.228404
423,1385143.29239,8.819947,24.821972,192.35074,758.937124
424,927594.403069,9.020883,25.144946,184.744541,654.857769
425,881903.812186,11.344932,34.359966,180.344587,514.967291
426,470929.17132,9.878652,23.521317,147.417042,435.315859
427,360817.147728,4.40832,11.452539,87.384284,306.954159
428,1541455.7657,4.995886,21.370339,143.99478,491.632444
429,986945.054531,0.663891,2.375298,23.527526,135.301055
430,599497.453243,4.574776,12.926211,82.320888,256.409563
431,774596.30631,4.176817,13.130857,94.531341,437.524868
432,980311.933518,1.632002,5.477957,47.192229,262.584678
433,726512.444619,0.731515,2.277622,25.076951,133.904114
434,1720461.28281,4.025547,18.756574,159.820153,685.881192
435,1143852.18497,10.159674,32.443189,278.054162,1044.717961
436,1430819.83666,8.521465,24.528008,205.772754,713.293338
437,606494.510336,3.107478,9.897799,104.317782,453.683007
438,919298.189359,3.915181,13.241467,137.728305,611.176222
439,379281.91994,0.432778,2.108263,25.702117,133.678126
440,10928535.9771,7.282016,29.932017,255.82164,922.877123
441,935522.307324,0.816384,5.629943,37.466804,120.036111
442,4815459.55582,1.607597,10.680715,76.7569,210.985898
443,6211744.20651,2.931657,18.901576,91.415966,274.897208
444,697270.787397,22.268587,40.476915,122.158432,206.582529
445,980000.271345,34.041926,63.620264,213.624824,341.350015
446,720861.11694,29.778375,48.508652,134.045882,211.941444
447,705874.74456,37.60935,75.554574,300.103884,509.441708
448,1257064.75165,26.868627,56.751065,260.248197,521.249259
449,316472.893363,24.314772,38.573206,144.468526,281.775925
450,364547.789446,32.1732,53.917221,234.159091,486.609787
451,259367.547734,21.010012,34.666019,149.62092,307.115194
452,749324.268613,40.21544,75.760603,346.91258,719.471806
454,20155651.7504,0.127614,0.816276,6.627541,22.865144
455,13413823.7507,0.042638,0.485189,5.477068,21.193066
456,956342.444257,9,31,181,463
457,983857.106018,5,20,140,422
458,712088.284279,17,51,205,397
459,413596.312095,5,18,102,266
460,602858.152629,8,28,145,345
461,2929738.23106,14,50,248,498
462,2520027.66497,2,12,76,209
463,797159.508788,1,8,64,188
464,499097.25192,2,13,81,203
465,735328.954406,5,24,152,319
466,5591098.60911,25,80,241,343
467,4547251.59,27,83,292,624
468,6601844.37983,66,203,594,619
469,948314.579802,3,10,30,89
470,1270432.29965,6,14,40,140
471,22825767.4211,0.019954,0.639567,8.106145,25.886565
472,15997921.8983,0.060696,0.510395,5.09006,18.626798
473,17469534.7492,0.082835,1.183511,14.63288,52.661952
474,15411829.2491,0.034865,1.093641,16.49382,62.936222
475,19796465.3257,0.260063,1.080138,6.065092,17.15625
476,16162634.1428,0.132668,0.687674,3.829662,12.664852
477,9831824.31172,0.770408,2.746652,14.238533,33.230394
478,39433342.3534,0.249774,1.185449,6.521832,19.47012
479,19317956.8825,0.22054,0.836069,2.907183,7.593058
480,11209883.2787,0.025708,0.192142,2.167753,8.757207
481,16218554.4048,0.062055,0.42877,3.771028,15.87637
482,19809432.505,0.183937,2.182782,26.259584,93.881032
483,537387.320551,32.08757,61.836553,262.627762,544.307827
484,172883.053284,22.977256,42.732384,161.508828,292.569069
485,504580.792979,48.919013,90.453691,366.617939,737.141716
486,447256.633283,35.277439,64.225725,265.911632,575.655781
487,512324.84983,40.430759,84.466331,393.767254,839.27537
488,431815.405683,25.947193,52.100875,250.392561,604.046558
489,729223.445344,31.659569,74.096379,364.63763,778.112581
490,752690.008636,30.514209,63.508955,270.273132,519.25259
491,609639.019664,17.096819,40.969538,227.689204,567.336609
492,619527.240869,15.212905,39.57503,224.365739,588.284496
493,588592.797896,7.25354,21.594236,178.147243,633.083678
494,10661504.1998,8.046348,27.584334,220.349001,721.129499
495,278799.28292,24,43,186,373
497,599806.504284,67,130,478,783
498,1320769.77729,6,22,186,665
499,4861198.7424,47,144,694,1236
500,1625242.84234,19,53,287,683
501,662975.213762,25,62,334,808
502,1076432.13854,43,108,509,1013
503,570905.390856,20,50,284,682
504,730242.664437,27,64,311,673
506,773461.809041,29,73,332,634
507,640404.239244,30,69,298,568
508,940086.652602,51,119,501,902
509,499519.979539,46,90,326,525
510,497234.911515,46,94,360,607
511,396471.068595,23,49,215,419
512,548804.40179,45,86,360,720
513,439394.00534,36,74,273,453
514,587609.198833,49,99,367,570
515,536897.195916,15.8352,33.062755,166.816882,481.347573
516,31870381.7253,1.635121,8.795479,47.014579,110.911286
517,1255956.45972,5.175379,15.843603,59.99314,118.157221
518,1853666.52636,2.877716,15.206601,108.7236,334.345871
519,31474463.0031,0.118422,1.126776,9.552,34.532284
520,14277477.4723,0.184884,1.600171,12.338117,35.822334
521,24311920.6709,0.603891,3.847003,25.039974,59.823682
522,960155.071041,74,126,537,1059
523,699116.530792,47,87,362,680
524,1977612.97434,71,151,611,1088
525,1090818.07735,105,171,592,945
526,572705.270565,56,105,432,757
527,1083701.91585,101,202,827,1466
528,4379115.50943,74,162,553,796
529,1274075.73037,62,125,469,751
530,523149.228165,37,71,276,470
531,2350737.22985,44,83,259,349
532,1350920.19126,82,132,393,567
533,1837467.58655,65,99,269,390
534,229495.158555,34,50,132,186
535,184809.652699,39,63,188,271
536,381079.057306,34,50,131,176
537,290559.144155,30,49,152,228
538,1245921.11204,17.203796,37.936322,196.132387,648.153805
539,700287.077997,6.414902,22.706434,116.122719,279.702236
540,1186539.42282,3.898711,14.404036,129.685261,560.807671
541,1645151.42678,5.780496,15.905443,76.334946,208.23017
542,415042.235045,5.304381,22.102753,104.17562,342.603749
543,806544.734652,17.988087,39.55944,181.948803,405.236045
544,1450238.1218,8.5513,19.756578,112.906262,367.47603
545,663593.082458,10.606797,20.355754,78.256111,160.26749
546,958474.766479,19.19835,49.708754,222.207422,395.331396
547,523249.424848,17.121204,43.049307,206.714535,316.031132
548,1020625.41999,4.072133,10.098804,48.698524,198.107134
549,1688383.9834,4.946314,14.611759,80.509255,256.066025
550,779028.119909,12.899715,32.561243,152.302411,247.543732
551,1786002.26704,5.521626,13.930755,65.858045,292.320853
552,1678437.8873,17.034532,42.165171,191.216654,433.681568
553,1672136.98749,6.124537,15.318905,73.633201,260.411518
554,1351757.57589,3.618297,9.437533,45.519066,204.153617
555,1340524.11903,2.634857,7.708163,42.280473,203.532118
556,1350297.11664,4.574839,11.820325,53.100088,232.343086
557,1035249.22286,5.699166,14.688983,100.117383,315.16641
558,1408342.50908,3.985883,15.536618,85.92075,264.5268
559,10149793.0567,18.637426,68.065714,286.404305,617.814229
560,21568188.724,2.830688,15.269031,85.856025,189.168442
561,1021044.19417,3.823933,9.719859,67.173999,218.122296
562,1256192.42437,4.218263,12.00856,84.319862,270.386346
563,2301952.30907,24.756149,57.099659,211.622028,319.843106
564,823950.330596,13.962076,29.756763,139.853319,312.794863
565,1353374.94569,6.066835,14.828736,90.298641,294.434153
566,773048.149353,2.341619,9.370376,53.193585,176.4177
567,3249071.78406,13.164365,42.695535,269.647319,855.105273
568,1646064.88514,25.853632,59.391635,308.649578,719.521177
569,901531.857036,28.414564,98.613925,399.643008,753.008488
570,2171269.459,27.569901,69.887974,343.350893,709.701298
571,1217691.03066,22.287111,70.032289,290.136241,580.864347
572,909006.013571,19.877404,66.557509,315.920958,595.320772
573,2540551.51145,12,39,126,306
574,1550636.82762,25,65,171,161
575,5269651.90694,40,117,369,524
576,9246885.56575,1,7,36,88
577,1680244.75292,33,138,516,843
578,703380.814379,6,10,24,32
579,643475.676965,18,30,75,89
580,1227887.89905,16,27,61,77
581,2067240.97215,16,38,126,199
582,13264184.0527,201,310,696,621
583,699750.298924,25,38,95,99
584,3025283.02989,110,234,593,488
585,1134733.6875,27,115,446,750
586,5082218.96511,36,313,1565,2452
587,2821921.36427,12,64,276,480
588,952496.82906,21,91,416,821
589,857100.867832,17,64,253,471
590,3819594.27216,37,169,688,1171
591,19009898.6104,1.49675,12.896763,80.023829,156.564311
592,13327114.894,7.366928,66.464641,358.17476,608.028322
593,14118042.057,5.922328,55.858634,313.001168,541.010971
594,4041458.75827,19.931477,81.016077,328.189077,444.16657
595,1541764.07501,9.6048,40.267547,161.136325,206.925003
596,7178197.06628,23.706342,111.421442,449.320895,549.76589
597,11528834.4967,23.465063,114.514659,521.243491,740.17353
598,6002757.24867,40.892242,173.93478,635.162554,734.39556
599,2256365.3405,42.483072,98.44179,324.356447,412.465299
600,2436012.548,14.965694,60.545123,246.328955,350.948355
601,1364019.18245,53,97,287,302
602,1604677.34723,54,99,256,241
603,2629588.36975,101,175,423,393
604,3223084.10771,101,180,445,422
605,2520991.40071,3.847329,14.233212,111.328147,309.842945
606,24748454.7775,1,8,66,225
607,7195787.95338,27,153,787,1523
608,8178748.40406,1,3,21,115
609,5916689.2485,26,115,573,1173
611,1701334.72654,4.851689,23.556806,162.961216,413.964578
612,913867.238979,1.149013,7.265958,57.462861,186.934354
613,3843432.41398,2.788629,20.715636,163.318609,461.972191
614,1636630.01069,9.411645,42.841023,237.662529,531.755419
615,981258.710998,5.255756,26.432222,151.272392,336.540924
616,618786.209232,1.976839,14.507193,107.6573,264.130432
617,747757.162139,4.816996,23.538867,136.765215,356.390022
618,999982.408417,2.503332,17.703438,124.448863,300.873792
619,1643568.71711,2.746858,17.729496,106.991215,286.1836
620,1290371.6023,5.045741,31.691359,185.718228,500.755341
621,813195.797541,4.560774,25.016951,179.002097,459.217697
622,2055056.45721,3.759574,22.139473,175.279941,480.645806
623,994518.691384,4.756821,29.411753,163.297853,434.327808
624,1193646.13194,3.16416,20.029648,140.87741,383.390116
625,557727.672572,0.621523,2.703685,23.638271,82.838884
626,1795608.79024,0.509972,2.997777,23.773796,72.914019
627,755663.637142,2.381347,7.265062,67.529149,275.501279
628,726168.59173,1.333209,5.168456,46.856199,184.689729
629,812382.538821,2.019213,7.387091,68.349075,283.406975
630,4052526.66326,0.426953,1.955277,14.660129,53.670447
631,626419.402534,0.834953,3.490671,36.743868,196.086914
632,1002063.50931,1.703484,6.720015,68.748407,335.312663
634,955506.443867,1.026484,6.342353,56.967973,197.193687
636,1114061.48853,2.272862,9.346636,86.712613,345.640183
637,766990.361545,4.037955,17.332269,101.211524,297.012927
638,1165315.50343,0.498673,2.609715,28.195114,161.252972
639,1019025.75081,0.475756,2.779731,24.133024,109.628126
640,859322.887589,1.193543,4.753492,51.943212,274.722102
641,424933.761571,1.295366,5.583408,49.966515,180.692011
642,1373950.31409,6.427481,26.048138,147.077449,372.962113
643,741003.262307,0.375447,1.743021,18.73251,109.5046
644,846986.662969,3.353181,15.359725,125.939296,417.906081
645,1645002.14143,13.080534,56.00274,285.592993,646.259571
646,435037.288007,3.595326,8.314304,56.377845,198.650858
647,340865.565595,6.575304,16.402599,92.660235,240.216588
648,229589.488346,2.907833,7.127547,45.961634,164.278866
649,511418.43695,11.58169,26.738034,131.048825,341.717096
650,519235.707372,6.68985,15.283086,78.06629,222.015059
651,379157.495811,2.403047,5.340071,34.737327,173.163
652,1477786.48736,2.070037,6.530309,44.150662,151.807763
653,422614.050301,5.311564,13.087693,82.056915,316.330342
654,376930.718215,4.364904,10.745066,67.404997,258.714392
655,443043.173985,3.487038,8.709881,52.855291,202.529892
656,1501281.62711,4.028955,16.1775,109.060671,264.361292
657,1213557.62099,1.27145,6.024149,46.813264,113.479329
658,486341.831624,5.874025,17.432003,105.917289,340.553202
659,734068.859866,5,15,80,149
660,1141703.75425,3.873921,14.166111,97.697079,218.00802
661,1661998.22484,6.731864,23.882813,170.522099,402.045261
662,2443312.22627,4.985021,24.362654,157.294463,364.001697
663,1552694.62631,4.199283,16.55682,132.361861,364.487052
664,722572.318718,1.209234,5.91413,37.396921,93.291383
665,1607328.56963,2.42993,5.713035,37.5743,185.245354
666,1763281.61803,2.449787,7.599387,51.778167,196.518057
667,859279.976871,4.704284,17.305373,142.339902,357.288538
668,691667.782603,6.067308,24.005168,158.323977,350.926219
669,1073710.73422,5.99985,23.105646,148.709344,357.838118
670,1085859.97563,4.780739,21.673269,168.250554,416.383383
671,1622412.15081,2.954326,12.880731,100.429656,276.211431
672,1018915.50888,2.776388,11.783217,106.329207,282.970045
673,1583612.64615,5.573058,28.466575,153.19777,419.161426
674,1775317.33695,5.069494,27.464576,219.902107,611.723642
675,851199.47316,1.052376,6.513781,66.367982,309.577412
676,415335.318682,0.303376,1.939792,25.052164,145.198172
677,927343.021237,0.527798,4.043087,45.978936,224.043171
678,1605386.29844,20.11841,78.308669,273.228867,349.053918
679,1349781.07884,10.110549,34.790303,142.603555,265.029055
680,1240357.5699,7.567399,29.463085,114.919742,182.603374
681,4710671.27921,32.818191,92.79123,360.857169,472.427527
682,6882251.37277,27.761195,91.573316,374.770598,534.776241
683,28147139.5973,5.281231,38.605316,219.436758,416.113276
684,6702668.04549,12.48097,57.189439,255.375139,385.96402
685,5476392.65487,9.13022,27.372689,95.482627,138.559297
686,7835442.33092,13.157037,35.520172,138.844831,208.02229
687,560269.329423,22.284466,42.647943,136.533407,185.486298
688,3712054.93859,21.763357,84.910984,326.032388,464.943995
689,1994606.90773,28.798539,79.877645,305.683014,421.865873
690,2536669.09188,10.880377,48.028211,189.012765,260.924312
691,1241338.14172,23.83343,75.387841,292.515247,410.293146
692,1218630.44023,0.867012,7.312727,70.433357,251.12564
693,2981580.78583,7.107741,35.472972,213.392711,538.300195
694,9218811.85662,0.280229,2.514408,15.340547,37.033559
695,46867400.1108,1.917016,8.445956,38.710258,100.05863
696,837561.466366,4.522659,9.941131,47.470684,174.191742
697,768982.802821,4.847557,17.741529,95.838619,197.005939
698,1150499.37031,8.763012,33.993719,149.381666,225.989292
699,9872070.83655,0.790168,2.38117,12.227287,31.384057
700,9602881.74043,1.09959,5.457664,37.211,106.682653
701,1361524.20645,10,42,199,374
702,13690316.6321,4,18,91,261
703,11571118.836,29,128,617,1197
704,9091415.47113,11,57,377,738
705,8008558.48538,5,44,278,549
706,12357536.0049,1,4,26,78
707,16896611.339,0,1,11,36
708,14395704.9434,1,3,13,37
709,29272135.6005,2,6,32,77
710,10600665.3784,1,5,28,84
711,10614560.7868,1,3,18,49
712,14664427.8233,0,1,7,19
713,12076259.6833,2,6,26,71
714,22579280.9295,0,3,37,134
715,11240113.5186,1,2,14,40
716,2926614.49937,1,3.936751,32,91
717,16097479.6181,1,5,31,93
718,1684254.39633,14.236139,57.149477,268.086404,534.343904
719,1845483.7125,4.41726,22.421997,144.112048,393.862592
720,997061.553176,1.117789,5.923056,64.296311,285.949987
721,1381806.6694,9.812509,46.778468,250.273335,503.8601
722,8427049.91728,1.331839,12.558132,112.605823,364.25306
723,706654.708829,0.285714,2.034705,20.873107,87.060049
724,25995241.2206,8.303937,40.242428,224.609779,549.914077
726,23981969.5528,8.92403,42.18801,213.070591,437.584319
727,22930509.0736,1.003043,7.422788,56.435051,150.01306
728,16923690.6872,0,2,15,48
729,5559112.13604,0,1,8,25
730,8564864.50173,1,4,16,43
731,5251089.75411,1,3,16,49
732,4068549.42746,7,23,137,339
733,4498163.664,0,2,18,66
734,3565215.63535,0,2,33,123
735,4364158.21247,1,4,34,106
736,3481162.0615,0,2,12,36
737,3703697.05166,1,5,38,120
738,8758901.7522,0,2,19,66
739,814764.692547,4,13,83,202
740,507995.800606,10,26,122,224
741,1018961.57427,7,18,83,190
742,2459133.2372,9,34,176,469
743,1996337.43515,5,20,149,416
744,5429706.57191,1,8,89,295
745,571697.224536,4,11,72,143
746,941651.01195,0,3,41,150
747,1231632.8628,3.626308,17.250039,114.15904,321.951789
748,632376.545138,0.680479,5.22321,52.584954,191.226067
749,616854.895165,0.297698,2.583901,27.716297,95.15477
750,474458.338944,0.546238,3.977226,38.802054,138.86094
751,398632.280455,0.487515,2.723766,22.056366,82.394237
752,862137.045044,0.599598,3.591242,32.229885,114.520391
753,20877240.0343,10.039273,46.827939,218.268517,396.590585
754,20117832.552,10.256398,38.079533,158.071716,263.158683
755,16105254.3594,1.70803,9.218006,47.811038,100.032122
756,18053679.8909,31.023187,165.299344,813.987365,1319.092533
757,24810411.5929,1.412615,7.407836,42.143765,108.0701
758,9100751.70939,1.063503,5.924638,40.162217,108.622335
759,21314496.5796,4.725453,16.587792,75.667805,193.399019
760,16716527.3938,0.777962,3.650063,18.077843,51.924697
761,19007204.7303,1.782344,8.385408,46.99888,130.401619
762,6721686.34676,0.609351,3.305872,22.244158,63.333766
763,10436673.8349,1.184739,6.139698,40.791422,117.945301
764,12474259.1772,0.047225,1.5058,18.33451,55.672642
765,11894108.8153,0.627287,2.626377,16.234287,49.46278
766,14275583.1956,1.220184,6.791745,46.271766,141.627333
767,33294392.7969,2.052572,8.290596,36.714997,102.033492
768,20294421.9397,0.51422,2.568134,14.760451,45.180746
769,20574539.6791,0.011028,0.424699,6.239549,21.992331
770,3963870.74901,104,192,483,484
771,2603394.59186,4,15,90,209
772,2485259.67361,13,55,290,679
773,11827856.3347,1,8,64,171
774,3612877.14049,0,4,31,91
775,3431365.59082,4,20,86,248
776,990927.361932,3,10,67,145
777,1314877.67023,1,5,42,119
778,2353008.12503,9,34,185,495
779,887800.264332,1,6,59,199
780,1626839.6199,7,23,134,381
781,26001651.0069,0.172113,1.405614,10.875338,39.031263
782,24125937.3445,0.092616,1.139587,10.943653,42.790716
783,28317915.6523,0.027587,0.214432,2.98157,11.881852
784,12240183.5126,0.051456,0.475098,4.842338,18.605927
785,24120335.9181,0.054734,0.725005,7.761633,30.532768
786,10280954.7014,0.004408,0.179121,3.125405,12.912888
787,27387763.5221,0.010751,0.348978,5.314619,20.150171
788,26167559.6559,0.134828,1.549147,16.852404,66.883018
789,33210496.089,0.090976,0.990121,13.240836,47.595503
790,29639086.9184,0.027661,0.512822,6.670699,26.741013
791,36477609.4599,0.127047,1.240299,8.764128,38.523051
792,4439739.90675,0.007677,0.069607,0.494758,2.077708
793,67129145.9974,0.175944,1.974663,26.858758,97.566533
794,34046887.589,2.794324,8.498945,36.558761,98.244385
795,169602729.772,0.078176,0.926871,9.37573,40.581397
796,80637422.1918,0.015059,0.6215,12.048991,54.418503
797,37275899.2861,0.103342,1.146745,10.268523,47.879707
798,41134851.1829,0,1,12,41
799,6340783.62566,9.211687,44.207206,231.712461,456.879698
800,3522060.52165,5.863907,22.081961,103.123704,192.565097
801,1369289.94732,3.591311,13.144155,57.155795,118.415265
802,3663732.66295,29.612211,117.120058,541.180928,927.417881
803,541665.197238,17.277318,53.095941,260.706783,513.772295
804,447822.24871,16.053957,45.59713,216.568027,410.679454
805,597424.780175,0.735029,4.346663,47.707856,228.091167
806,765580.782181,0.951137,6.810833,63.300308,229.85336
808,1283872.29191,1.072257,7.366385,59.107118,171.281344
809,970112.424533,0.791289,6.012225,68.522979,285.373131
810,6211125.75226,4.857227,24.222504,154.189918,418.789987
811,3623145.82816,18.396068,82.622613,413.735998,862.792954
812,1052745.71439,0.703468,6.182208,63.445377,225.673086
813,1222510.07199,2.877839,16.792862,108.448203,311.519012
814,2416582.72559,1.066591,7.389904,54.425932,148.244893
815,853739.329612,1.983383,12.529599,87.622145,255.972267
816,1419783.41555,2.46065,14.401572,93.070543,264.76227
817,3911895.22302,5.484085,28.728964,182.674043,514.794002
818,1075728.63725,1.598438,12.309518,96.157803,284.613896
819,14265495.901,1,4,27,69
821,984006.813624,1.914919,6.257155,22.163692,54.728202
822,1612708.64222,12.038397,45.245182,191.544397,305.938083
823,485934.080271,17.84196,58.388634,243.454504,383.743172
824,383493.823935,23.041957,66.67311,278.578301,470.734452
825,539626.227418,11.090274,30.566739,145.016632,285.374283
826,541921.466529,18.88276,70.193101,306.343705,509.267072
827,487347.41061,16.496303,50.374325,226.963242,403.8194
828,1643101.62689,7.185191,19.543962,84.914931,172.268852
829,547040.959805,33.376393,77.361505,289.082495,451.524513
830,645419.981133,18.593392,48.387504,189.949196,328.794085
831,351456.547374,32.971244,77.988342,296.610645,475.905216
832,496240.976313,15.939417,52.987372,246.33436,429.324741
833,526491.395362,13.60978,45.444685,224.274758,447.882448
834,2624482.61069,12.252622,46.210541,223.305661,439.431209
835,858182.630504,3.609287,8.679139,28.96331,93.43097
836,347299.597487,1.74462,4.176852,11.971961,49.009778
837,769790.294802,2.4191,6.430991,23.670655,78.085725
838,1088256.90481,5.256821,14.181338,47.474293,141.423438
839,970057.491138,8.848342,23.769153,113.530279,240.512276
840,697645.199728,24.266429,73.025613,340.646316,648.889632
841,562500.973419,9.527394,34.661803,167.58464,321.868428
842,283155.257612,11.114328,41.524217,195.511291,350.23764
843,336736.353392,13.648574,48.913156,208.128692,344.214395
844,530541.600675,17.415888,59.281585,247.840829,423.7372
845,438820.243581,11.577533,43.537726,207.401188,402.674621
846,609627.26094,16.493151,49.489615,236.727292,490.606985
847,1099649.39829,12.765261,40.669077,185.08428,353.753956
848,602575.114035,20.478858,62.363305,290.868131,550.20911
849,446833.629043,13.235104,39.576876,196.358076,412.525049
850,541034.258023,19.889712,51.770761,226.369657,428.098523
851,473797.042201,15.660685,51.007057,238.357521,460.231815
852,525793.732142,1.73302,5.585904,27.438854,61.890066
853,538851.00454,7.113994,23.215973,114.138822,250.85235
854,16685933.7424,19.970264,74.966703,307.264338,496.317081
855,6081094.22835,1.156477,16.213081,110.206915,213.507614
856,9469820.34504,1.579884,18.233576,118.841579,225.721661
857,3598508.07108,33.873176,125.916516,490.335665,678.266822
858,17858245.1377,7.37086,27.670139,105.265,180.437419
859,20547830.2221,11.959603,38.237819,128.221839,223.780653
860,34414234.5192,7.732133,30.657958,126.807252,220.96115
861,24014023.6758,17.113803,63.995531,273.989905,517.500738
862,8415958.63189,36.92574,139.136821,559.399073,822.320672
863,549618.764841,10.703552,30.266715,123.624088,277.719792
864,642537.714997,8.015658,28.070643,134.158434,330.003056
865,437583.138377,9.092596,27.566676,104.356945,214.863519
866,38431093.8721,12.840706,45.26733,168.22427,315.695838
867,9802319.01263,1.616313,6.612419,28.023906,53.9618
868,44737221.3385,3.745586,16.742931,82.633311,198.699077
869,15754182.448,3.029468,7.450301,23.633485,48.749182
870,13527940.0546,1,8,73,209
871,5227843.80057,1,7,58,172
872,4088130.54492,1,7,61,172
873,1427264.33283,1.10397,7.228804,55.668373,159.682881
875,2415857.72934,0.874904,3.537468,26.387649,93.941569
876,5035250.85016,1.174143,6.461923,44.679704,123.715419
877,16794856.1077,5.152008,22.723315,151.984708,447.860385
878,910765.14756,0.575817,3.44575,28.24761,91.228954
879,755330.105464,1.663996,9.065104,58.880139,192.322841
880,1437523.3552,0.517771,2.537377,14.615534,47.986201
881,1461863.6548,0.658342,3.87394,27.182087,97.070375
882,1252620.81711,1.105638,6.389595,54.850181,202.723219
883,1258458.97967,11.152466,29.930319,140.783646,284.480184
884,4450329.87032,3.740138,9.416001,52.982584,111.478742
885,15008906.1568,0.22821,1.293954,12.116971,40.278867
886,11898724.6317,0.294748,1.212269,10.869981,39.122744
887,1500134.10171,0.262217,1.299478,12.695182,47.269109
888,1140261.33787,2.446391,10.406783,66.233037,200.067448
889,5233367.54397,2.114247,9.897103,74.87899,216.866482
890,2567140.44409,0.452008,3.587412,51.349181,205.38888
891,649365.36356,0.406488,2.367137,27.199995,97.646065
892,2160847.44901,2.381813,9.872658,91.558543,286.512292
893,2012416.64884,1.184468,6.003272,45.593676,133.945138
894,477233.19136,11.506122,26.78909,98.210211,166.113355
895,1140787.84427,7.209596,21.611074,123.183665,298.251631
896,590808.426674,4.51552,11.082559,60.08932,136.188063
898,16006757.3859,1.157939,11.886773,122.850613,363.628881
899,11683423.8688,0.577228,8.00285,103.098042,360.318664
900,3650995.80326,0.668911,5.68209,56.921592,172.807308
901,4588864.93743,3.228995,9.052141,55.502196,134.502088
902,11197362.7101,0.500251,3.416309,31.078203,91.644438
903,3907472.688,0.119658,0.683544,5.888014,18.532849
904,12653722.0064,0.525673,3.208328,28.342112,88.797516
905,13525339.4858,51.817097,215.979041,925.966326,1349.521157
906,39147068.1504,1.558183,5.332517,23.268548,62.745217
907,43300022.049,3.57136,9.760793,32.141472,75.474572
908,16921655.9963,5.337988,21.164879,100.561045,196.652574
909,49776958.6342,10.913725,40.3007,179.692736,338.427557
910,27353761.1543,15.107633,63.671257,321.464894,745.365043
911,27006069.8981,2.763287,13.244896,64.700245,164.509718
912,10974305.2461,1.301057,5.19123,22.132042,56.851509
913,5047590.9817,0.391878,1.581648,5.705887,14.010685
914,7984836.29664,0.418754,2.034618,10.542582,26.750791
915,18755636.3022,1.071089,2.5176,7.309532,15.538856
916,15584079.7932,1.029022,3.689034,20.173757,52.463159
917,28415704.967,4.201566,9.866857,29.856098,64.901556
918,13827841.4159,7.04633,29.248813,127.961447,241.627766
919,5608410.40562,1.213091,7.975731,63.061723,193.026499
921,19474359.4169,0.398977,5.86041,58.131676,168.581275
922,4198759.47694,0.196087,4.430845,47.745828,142.593611
924,13091779.1381,0.584687,3.190256,22.471458,66.819812
925,9133148.42051,0.517592,3.272983,25.424791,70.319691
926,13959751.1693,1.066037,4.62525,26.560334,66.957723
927,46982801.0895,2.364775,14.452387,107.259893,280.54121
928,45815161.8323,0,1,7,25
929,18854059.2899,1,4,19,58
930,7517776.56658,0,3,32,112
931,6783160.09939,1,6,51,199
932,1314747.91019,1,7,53,161
933,1234225.05653,1,5,43,124
934,29269723.5984,2,14,95,249
935,358910.947058,0,2,10,30
936,31003426.739,0,3,16,41
937,10655239.7194,1,7,49,124
938,5750940.93292,1,7,50,120
939,1566378.12488,1,6,44,122
940,5629396.33622,1,6,45,147
941,10010915.6368,1,7,63,203
942,20822682.1092,0,5,26,68
943,28458681.3222,1,4,21,63
944,1290051.14453,2,9,60,186
945,1580163.08869,2,11,88,268
946,2055484.83897,2,9,64,179.744073
947,2563588.50114,1,6,50,141
948,2104540.58373,1,4,26,73
949,2522250.48529,1,4,21,59
950,2253075.32954,1,3,21,57
951,32818065.9436,3,17,96,255
952,17672760.9234,1,5,23,65
953,12848978.4333,1,5,28,76
954,8674001.77708,2,12,82,230
955,27050930.3888,1,5,18,45
956,32451183.465,1,5,39,121
957,35236363.3526,3,12,57,162
958,11003862.3224,3.58489,13.802314,54.379044,97.387081
959,33403858.996,8.000017,30.813575,123.790753,206.750131
960,45061993.932,7.497367,29.04938,121.992423,228.790138
961,40260120.5911,32.16204,117.82856,467.351527,686.029899
962,60194175.4504,12.326182,25.537221,72.787574,155.035311
963,52280658.0602,9.496507,26.476595,100.900169,239.124168
964,16508884.9806,2.540493,7.191221,25.033345,55.255246
965,5670124.50602,1.054223,2.797335,8.48863,17.727221
966,28025843.2882,4.406591,13.092512,55.073846,130.834505
967,22782197.9749,3.944851,16.720242,74.552633,171.733019
968,50453819.2486,4.749983,19.326503,81.749984,179.731145
969,15653530.5366,23.489502,84.853245,341.15372,526.219203
971,37300134.0622,3.057068,10.606159,38.966807,89.993585
