underRoad_gis_id,overRoad_gis_id
2,3789
2,7504
4,1172
4,1174
5,4327
5,5421
5,8413
5,12747
5,12749
5,12756
5,12762
5,12765
3908,9
4758,9
13316,9
13953,11
12,14
12,1802
12,14
1602,14
3085,14
15,373
15,374
19,4327
19,5421
19,8413
19,12747
19,12749
19,12756
19,12762
19,12765
21,708
23,3659
23,3789
23,5829
23,7504
23,10792
23,10795
23,10800
23,10803
23,10807
23,10810
25,113
25,114
25,115
525,28
1707,29
29,21195
524,36
2722,38
5807,45
9370,45
48,7586
48,7587
53,15040
53,15044
2726,54
3194,67
68,1220
85,3936
85,5168
87,28223
87,28430
525,88
8527,88
9367,88
88,14876
89,2051
90,3914
90,3917
91,2050
91,2901
91,10000
11969,91
94,5651
355,95
404,95
2276,95
96,160
96,2051
99,162
100,2052
100,2552
34455,101
20037,103
20037,104
20037,105
106,108
106,110
20037,107
106,108
737,108
2582,108
109,14794
106,110
737,110
2582,110
111,13775
25,113
118,113
1375,113
25,114
118,114
1375,114
25,115
118,115
1375,115
117,14876
118,113
118,114
118,115
119,14999
123,22792
520,124
2283,124
2872,127
3037,127
2872,130
3037,130
3035,134
3035,135
137,34255
137,34258
138,22394
139,22394
194,142
344,142
24267,143
27774,143
13412,144
13417,144
146,13459
146,17204
149,147
15109,147
149,148
15109,148
149,147
149,148
13457,149
15004,150
17289,150
24267,155
27774,155
329,156
572,156
96,160
34454,160
34454,161
99,162
162,2552
18755,166
18755,167
26145,168
31543,168
26145,170
31543,170
18857,173
19614,173
18857,176
19614,176
177,3169
177,3171
21310,178
21577,178
21578,178
21596,178
21597,178
21310,180
21577,180
21578,180
21596,180
21597,180
4176,181
8261,181
4176,182
8261,182
12595,183
193,184
184,2009
184,34268
12595,185
188,186
1324,186
2991,186
188,186
193,188
188,2009
188,34268
190,3361
190,8000
33662,191
192,2009
192,34268
193,184
193,188
193,2254
194,142
194,496
194,1351
3194,196
197,14525
3140,198
3144,198
3140,199
3144,199
11095,201
7061,203
7061,204
206,2679
11095,207
3332,209
12650,209
210,3898
210,7458
212,3898
212,7458
3332,214
12650,214
3120,223
3734,223
12509,223
2415,224
2664,224
1388,225
7834,241
7846,241
242,5715
242,5716
242,9359
242,9718
24679,242
1316,243
3388,244
6655,244
7895,244
12543,244
6655,248
12543,248
3388,249
7895,249
3388,251
1329,258
3391,258
2778,265
661,267
4475,267
7887,267
1402,268
269,4396
269,4399
269,7629
271,4396
271,4399
271,7629
5015,280
5022,280
297,282
3451,282
8275,282
16432,282
16433,282
19779,282
297,283
3451,283
8275,283
16432,283
16433,283
19779,283
13298,284
16426,284
5015,285
5022,285
13297,286
16426,286
16586,286
289,307
289,1368
292,15009
292,16427
297,282
297,283
19779,298
19779,300
2010,301
35356,301
1520,305
2547,305
3107,305
306,15009
306,16427
289,307
2199,307
2994,307
1163,308
2994,308
11052,308
312,310
3479,310
7773,310
311,11019
312,310
312,314
312,314
3479,314
7773,314
316,315
3476,315
11032,315
316,315
316,317
316,317
3476,317
11032,317
322,3474
3476,324
7806,325
7807,325
7880,325
8657,325
11847,325
7770,327
8722,327
329,156
329,33739
334,13717
338,3884
338,3887
338,13717
2735,342
8279,342
12774,342
344,142
344,496
344,1351
345,22783
345,22785
2735,347
8279,347
12774,347
3120,348
3734,348
12509,348
2415,351
2664,351
353,3612
353,4927
353,4935
353,28101
28903,353
1782,354
354,1923
355,95
355,627
358,3619
361,3619
361,5651
1782,364
364,1923
365,3612
365,4927
365,4935
365,28101
28903,365
368,1265
368,1266
368,14899
368,18214
369,1084
15,373
2529,373
3087,373
15,374
2529,374
3087,374
22091,375
471,379
1068,379
380,13654
380,17559
471,381
1068,381
10672,382
10674,382
20148,382
21122,382
383,3836
10672,384
10674,384
20148,384
21122,384
393,6531
394,3482
394,5648
1207,395
2846,395
6781,395
10133,395
397,13742
397,15536
20082,397
1207,398
2846,398
6781,398
10133,398
404,95
404,627
8309,405
8310,405
409,3837
409,3899
411,773
413,761
16482,414
16482,415
14804,423
17920,423
425,4866
425,6381
14804,426
17920,426
20390,437
449,1183
449,1184
451,3482
451,5648
2826,465
2984,465
33194,469
471,379
471,381
471,1062
471,1066
472,701
472,702
26761,473
26771,473
30969,473
26760,474
26761,474
26771,474
475,1122
475,1123
477,4578
477,4582
478,23543
6699,481
10454,481
482,570
482,573
3287,485
6208,485
22516,491
22516,493
2188,495
2388,495
194,496
344,496
15483,498
28177,498
15483,499
28177,499
500,14525
9983,502
9983,505
4058,508
5547,508
510,5543
510,5544
4058,511
5547,511
4756,512
4923,512
4756,514
4923,514
26658,517
519,6382
520,124
520,2045
2722,520
521,13742
521,15536
20082,521
5807,522
9370,522
524,36
524,2772
525,28
525,88
525,2586
8527,526
9367,526
527,1705
527,13748
528,3410
528,6475
533,10000
11969,534
536,8762
541,15040
541,15044
1316,543
749,545
750,545
2756,545
2840,545
3388,552
6655,552
7895,552
12543,552
1038,561
1040,561
1038,564
1040,564
482,570
572,156
572,33739
482,573
579,580
579,580
1701,582
8497,582
13174,582
1701,585
8497,585
13174,585
2388,587
3028,587
4364,598
603,602
603,602
3174,611
3176,611
3177,611
12706,614
12709,614
12706,615
12709,615
617,4110
617,8083
3022,623
3114,623
624,15454
624,15455
355,627
404,627
2276,627
14072,628
634,761
634,773
1520,641
641,4192
641,4195
771,645
4918,645
11638,648
11638,649
14461,653
4476,655
14461,656
16309,656
14461,658
16309,658
14461,660
16309,660
661,267
661,4474
661,4484
665,4110
665,8083
674,3191
674,3193
3135,695
3138,695
3135,696
3138,696
472,701
2149,701
472,702
2149,702
21,708
3113,708
3115,708
3116,708
7834,716
7846,716
717,2696
717,2697
717,7742
717,11811
717,15764
731,736
731,13777
731,14787
731,736
2752,736
3016,736
3017,736
737,108
737,110
14819,739
17114,739
14819,740
17114,740
749,545
749,14853
749,14857
750,545
750,14853
750,14857
755,23976
755,27341
755,27342
413,761
634,761
2101,761
762,3293
764,765
764,776
764,765
2103,766
771,645
771,2540
411,773
634,773
2100,773
764,776
777,3293
2722,780
784,2721
784,6385
784,6536
8523,785
8526,785
7758,786
7763,786
789,13734
7758,790
7763,790
792,13734
793,13734
797,14999
800,14876
803,14999
17242,806
17252,806
17470,811
814,813
814,813
1353,817
1397,817
2187,817
2201,817
2735,817
820,22785
8989,822
8994,822
28947,822
8989,823
8994,823
28947,823
824,3659
824,5829
824,10792
824,10795
824,10800
824,10803
824,10807
824,10810
825,1308
827,1308
33194,831
834,24393
835,24393
837,853
837,854
838,5268
839,853
839,854
839,5268
837,853
839,853
837,854
839,854
863,2418
863,2442
24235,872
24235,873
874,2418
874,2442
874,2448
874,2449
875,2456
876,15197
877,24396
880,24396
894,887
887,894
894,24404
896,24404
24234,898
2346,899
2346,901
24234,902
28286,918
28286,919
925,942
925,944
927,29390
928,29390
929,15197
930,2448
930,2449
931,2456
941,942
941,944
925,942
941,942
962,942
925,944
941,944
962,944
982,951
1238,951
982,953
1238,953
24439,954
24439,955
962,942
962,944
966,24444
966,24445
967,24444
967,24445
969,28505
969,28561
970,28505
970,28561
982,978
1238,978
982,951
982,953
982,978
28249,987
28249,988
24523,990
24523,991
27983,997
1007,1000
3040,1000
3041,1000
1007,1001
3040,1001
3041,1001
1007,1000
1007,1001
1018,1011
2866,1011
1018,1012
2866,1012
27983,1015
1018,1011
1018,1012
1020,5308
1020,7711
1021,1025
1023,1378
1021,1025
1026,1212
1028,15314
1031,15314
1033,13631
1038,561
1038,564
1038,15330
1038,15331
1040,561
1040,564
1040,15330
1040,15331
1043,13631
1052,3834
1052,6684
1052,21624
1052,21625
1054,15330
1054,15331
1058,3834
1058,6684
1058,21624
1058,21625
471,1062
1068,1062
471,1066
1068,1066
1068,379
1068,381
1068,1062
1068,1066
6699,1069
10454,1069
1070,3836
2978,1073
2979,1073
2982,1073
3212,1073
369,1084
1387,1084
2529,1084
3082,1084
3083,1084
3086,1084
1091,9968
1091,10450
1789,1110
2895,1110
3112,1110
1789,1111
2895,1111
3112,1111
1117,1122
1117,1123
475,1122
1117,1122
1134,1122
475,1123
1117,1123
1134,1123
17576,1130
19736,1130
17576,1131
19736,1131
1133,4578
1133,4582
1134,1122
1134,1123
13809,1138
22091,1139
1146,5543
1146,5544
5537,1148
5539,1148
5537,1149
5539,1149
3033,1154
3033,1155
1159,3410
1159,6475
1163,1162
2994,1162
11052,1162
1163,308
1163,1162
8309,1166
8310,1166
1169,1174
1169,2338
1170,1172
1170,1174
3787,1171
7503,1171
4,1172
1170,1172
4,1174
1169,1174
1170,1174
3787,1175
7503,1175
449,1183
2210,1183
2212,1183
2245,1183
449,1184
2210,1184
2212,1184
2245,1184
1189,24642
1197,2552
1207,1203
2846,1203
6781,1203
10133,1203
1207,1204
2846,1204
6781,1204
10133,1204
1207,395
1207,398
1207,1203
1207,1204
1355,1208
1026,1212
4411,1212
9966,1212
1215,1379
1215,7351
1215,7352
68,1220
1224,1220
2885,1220
3140,1220
1224,1220
1224,1226
1224,1226
1231,3837
1231,3899
2884,1234
13455,1237
1238,951
1238,953
1238,978
1252,3631
1252,4930
1252,20040
24140,1253
24140,1254
1255,1265
1255,1266
1255,14899
1255,18214
24141,1263
19050,1264
368,1265
1255,1265
1275,1265
19050,1265
20021,1265
368,1266
1255,1266
1275,1266
19050,1266
20021,1266
20021,1267
19050,1269
20021,1271
1273,14899
1273,18214
1275,1265
1275,1266
1276,14899
1276,18214
12047,1278
12048,1278
1281,3914
1281,3917
1282,4866
1282,6381
26658,1287
15004,1288
17289,1288
7770,1290
8722,1290
8610,1292
8610,1293
3871,1296
7806,1296
7807,1296
7880,1296
8657,1296
11846,1296
3300,1297
5262,1297
12300,1299
3908,1300
4758,1300
13316,1300
825,1308
827,1308
1728,1308
1316,1314
1316,1315
1316,243
1316,543
1316,1314
1316,1315
3388,1319
6655,1319
7895,1319
12543,1319
1324,186
1325,2009
1325,34268
258,1329
3391,1329
1347,22785
1348,22783
194,1351
344,1351
1353,817
1354,22783
1355,1208
1358,3168
13809,1358
1448,1361
1452,1361
3194,1363
3140,1365
3144,1365
289,1368
2199,1368
2994,1368
1369,3834
1369,6684
5807,1370
9370,1370
1374,2724
1374,15040
1374,15044
1375,113
1375,114
1375,115
8527,1376
9367,1376
1023,1378
1215,1379
15786,1384
21583,1384
1386,3082
1386,3083
1387,1084
1387,7586
1387,7587
1388,225
1388,1390
1388,2965
1388,1390
7607,1393
1397,817
1402,268
1402,4397
1402,12871
1404,4400
1404,8878
1406,29748
1407,2167
1407,2173
1408,18249
1408,18746
1408,34793
1408,34794
1412,29210
1415,29206
1415,29207
13483,1416
18386,1416
13483,1424
18386,1424
1658,1441
1675,1441
6106,1441
6119,1441
6124,1441
7320,1441
9463,1441
1445,26242
1445,30826
1445,34777
1448,1361
1452,1361
34455,1455
11811,1457
3038,1468
29288,1472
29288,1474
1484,1478
1488,1478
1588,1478
2093,1478
2971,1478
1484,1479
1488,1479
1588,1479
2093,1479
2971,1479
1588,1483
7992,1483
9892,1483
1484,1478
1484,1479
1484,1487
1484,1487
2971,1487
1488,1478
1488,1479
1588,1489
7992,1495
9892,1495
7992,1496
9892,1496
7992,1498
9892,1498
1573,1513
13470,1513
1573,1514
13470,1514
2819,1516
2832,1516
13470,1517
1519,4192
1519,4195
1520,305
641,1520
2547,1520
34317,1520
1521,15009
1522,16427
1523,3530
1523,8443
1523,8446
1523,9102
1523,10891
1523,11722
1524,3530
1524,9101
1524,11722
1524,11984
1524,26235
1524,26240
1524,26242
1524,30826
1524,33476
1524,33477
1524,33876
1524,34777
1524,34778
1524,34857
1637,1533
1778,1533
1538,1650
1538,1652
34645,1540
34646,1540
34648,1540
34651,1540
1548,1550
1548,1555
1548,1550
1548,1555
1781,1556
1878,1556
1781,1560
1878,1560
2829,1563
2835,1563
2829,1567
2835,1567
1573,1513
1573,1514
13470,1574
1576,1674
1576,1678
1583,1670
1681,1586
1753,1586
1588,1478
1588,1479
1588,1483
1588,1489
1588,2092
17580,1590
17806,1590
17580,1592
17806,1592
13611,1595
23126,1595
1596,18313
13611,1597
23126,1597
1599,28976
1602,14
1602,1802
1604,3163
1605,3163
1605,18273
1617,1861
1618,1857
1832,1620
18305,1620
18308,1620
28126,1620
1826,1624
1829,1624
1832,1625
18305,1625
18308,1625
28126,1625
1628,34640
1631,34640
1982,1633
1982,1634
1982,1635
1637,1533
1658,1647
1675,1647
6106,1647
6119,1647
6124,1647
7320,1647
9463,1647
1538,1650
1651,1650
2613,1650
1651,1650
1651,1652
1538,1652
1651,1652
2613,1652
1657,1735
1657,1737
1658,1441
1658,1647
1661,1801
7681,1663
11898,1663
1756,1667
2477,1667
1583,1670
1681,1670
2480,1670
1576,1674
1686,1674
1675,1441
1675,1647
1676,1801
1576,1678
1686,1678
1681,1586
1681,1670
1683,8017
1683,8021
1685,8017
1685,8021
1686,1674
1686,1678
34645,1687
34646,1687
34648,1687
34651,1687
1938,1690
1943,1690
1701,582
1701,585
8497,1701
527,1705
1707,29
1707,2819
8520,1708
29285,1709
8520,1710
1711,28975
29290,1712
29290,1713
1715,1749
1715,1751
29290,1716
29290,1719
1728,1308
1657,1735
2535,1735
1657,1737
2535,1737
1715,1749
1957,1749
1715,1751
1957,1751
1753,1586
1756,1667
29130,1771
29130,1773
28973,1775
1778,1533
1781,1556
1781,1560
1782,354
1782,364
2912,1783
29273,1783
2912,1784
1817,1786
1789,1110
1789,1111
1790,14014
1790,14015
29273,1792
1661,1801
1676,1801
12,1802
1602,1802
1803,1809
7682,1805
8205,1805
1806,3163
7682,1808
8205,1808
1803,1809
1811,1809
3085,1809
7682,1809
8205,1809
1811,1809
1817,1816
1817,1786
1817,1816
1817,1917
1817,1918
1826,1820
18305,1823
18309,1823
1826,1624
1826,1820
1826,1827
1826,1842
1826,1827
1829,1624
1829,1842
18305,1831
18309,1831
1832,1620
1832,1625
1835,29206
1835,29207
27896,1838
27896,1839
1826,1842
1829,1842
1844,29210
33265,1847
33265,1849
17587,1855
1618,1857
1860,1857
1865,1857
1860,1857
1617,1861
1865,1861
17587,1863
17587,1864
1865,1857
1865,1861
1878,1556
1878,1560
1889,1994
1889,1998
1899,28976
31464,1907
19305,1913
20572,1913
19305,1916
20572,1916
1817,1917
1817,1918
354,1923
364,1923
2689,1932
2689,1933
19332,1935
28973,1936
1937,18200
1690,1938
1944,1938
1690,1943
1944,1943
1938,1944
1943,1944
1945,18313
22964,1950
22964,1952
31324,1953
31327,1954
1957,1749
1957,1751
8497,1960
10072,1962
2014,1965
18381,1971
29289,1971
29402,1971
29450,1971
1972,14014
1972,14015
1975,2076
1975,2077
2041,1976
2161,1976
1981,18200
1982,1633
1982,1634
1982,1635
1984,34565
1984,34567
1989,13826
5191,1990
7409,1990
1889,1994
3007,1994
1995,1996
1995,1996
1889,1998
3007,1998
8470,2005
11451,2005
18471,2005
8470,2006
11451,2006
18471,2006
184,2009
188,2009
192,2009
1325,2009
2010,301
8530,2013
12587,2013
2014,1965
12652,2016
2018,22792
2020,32200
28042,2024
2025,31178
28042,2026
2034,2440
2034,2451
2034,2454
2038,2442
2038,2445
2038,2446
2041,1976
2041,2042
2041,2132
2041,2142
2041,2145
2041,2042
520,2045
2283,2045
2049,2051
91,2050
11969,2050
89,2051
96,2051
2049,2051
2747,2051
34452,2051
100,2052
2056,32200
5346,2057
29460,2057
2058,19967
2058,30246
30249,2058
5346,2059
29460,2059
2060,19973
2060,19977
2064,34626
2064,34729
2066,34626
2066,34729
2071,34626
2071,34729
2073,34626
2073,34729
1975,2076
2121,2076
2137,2076
2140,2076
1975,2077
2121,2077
2137,2077
2140,2077
2089,28975
1588,2092
7992,2092
9892,2092
2093,1478
2093,1479
26658,2097
2100,773
2101,761
2103,766
2108,34684
2108,34798
2109,34684
2110,2158
2111,19967
2111,30246
30249,2111
31464,2118
18381,2120
29289,2120
29402,2120
29450,2120
2121,2076
2121,2077
2121,2158
2129,10000
11969,2129
2041,2132
2161,2132
2137,2076
2137,2077
2140,2076
2140,2077
2140,2158
2041,2142
2161,2142
2041,2145
2161,2145
2149,701
2149,702
31122,2152
2155,2397
2155,2399
2155,2401
2155,2402
2155,2403
2156,34684
2156,34798
2157,34684
2110,2158
2121,2158
2140,2158
2951,2158
2953,2158
2161,1976
2161,2132
2161,2142
2161,2145
2174,2165
1407,2167
2624,2167
34902,2171
1407,2173
2624,2173
2174,2165
34902,2175
2185,23976
2185,27341
2185,27342
2187,817
2188,495
3388,2195
7895,2195
2196,3410
2196,6475
2198,15009
2198,16427
2199,307
2199,1368
2201,817
2201,22783
2201,22785
2204,2206
2204,22792
2204,2206
20390,2207
2210,1183
2210,1184
2212,1183
2212,1184
2214,24642
2464,2229
2464,2232
2233,13459
2233,17204
13412,2235
13417,2235
2236,4678
2236,6650
2236,6652
2236,8040
2236,12884
2236,13028
2236,13782
2236,15915
2236,27827
2237,4678
2237,6652
2237,8040
2237,11417
2237,12884
2237,13028
2237,13782
2237,15915
2237,27827
2310,2238
9838,2238
9839,2238
9840,2238
9841,2238
2310,2241
9838,2241
9839,2241
9840,2241
9841,2241
2245,1183
2245,1184
2253,3410
2253,6475
193,2254
2271,2258
2272,2258
2271,2259
2272,2259
30242,2262
30244,2262
30242,2264
30244,2264
2258,2271
2259,2271
2258,2272
2259,2272
2274,5651
2276,95
2276,627
2277,2278
2277,2278
9330,2278
2282,6382
2283,124
2283,2045
2722,2283
9796,2285
5590,2287
9793,2287
5590,2291
9793,2291
2294,2637
2294,2639
2295,2637
2295,2639
2318,2304
2318,2305
2318,2306
2315,2307
2310,2238
2310,2241
2310,3012
2312,2318
2312,2327
2315,2307
2315,2319
2315,2322
2318,2304
2318,2305
2318,2306
2312,2318
2318,2329
2315,2319
2315,2322
2312,2327
9838,2327
9839,2327
9840,2328
9841,2328
2318,2329
18755,2337
1169,2338
10459,2341
10460,2341
2346,899
2346,901
2351,2350
2359,2350
2363,2350
2351,2350
2351,2650
2352,19973
2352,19977
2353,18726
2353,19280
2356,18726
2356,19280
2359,2350
2359,2650
2359,18726
2359,19280
2363,2350
2363,2650
2363,18726
2363,19280
31122,2372
27970,2376
27970,2378
2379,9796
3436,2385
5015,2385
5022,2385
6799,2385
3436,2386
5015,2386
5022,2386
6799,2386
2388,495
2388,587
2391,34625
2391,34627
2391,34798
2392,34625
2392,34627
2155,2397
2155,2399
2155,2401
2155,2402
2155,2403
2415,2406
9838,2414
9839,2414
2415,224
2415,351
2415,2406
2415,2664
24235,2417
863,2418
874,2418
2419,2442
2419,2448
2419,2449
2421,31178
2593,2423
2596,2423
18696,2423
2423,31205
31207,2423
32190,2423
2429,3163
2439,2679
2034,2440
863,2442
874,2442
2038,2442
2419,2442
2038,2445
2038,2446
874,2448
930,2448
2419,2448
874,2449
930,2449
2419,2449
2034,2451
18696,2453
2453,31205
31207,2453
32190,2453
2034,2454
875,2456
931,2456
2458,29407
2458,34680
2458,34683
2460,29407
2229,2464
2232,2464
29273,2469
2471,4001
2471,4002
2475,9968
2475,10450
2477,1667
2480,1670
2487,4001
2487,4002
2489,4001
2489,4002
2492,4001
2492,4002
2496,14014
2496,14015
2497,14014
2497,14015
24235,2501
2511,8566
2516,9968
2516,10450
4364,2517
2529,373
2529,374
2529,1084
2529,7586
2529,7587
2535,1735
2535,1737
771,2540
2547,305
1520,2547
2548,4192
2548,4195
2549,8762
100,2552
162,2552
1197,2552
3035,2558
2570,23543
2582,108
2582,110
2582,14794
2583,14794
2585,14876
525,2586
8527,2586
9367,2586
2593,2423
2593,2635
2596,2423
2596,2635
2597,32194
2600,32194
2613,1650
2613,1652
2616,3834
2616,6684
2621,29748
2622,18249
2622,18746
2622,34793
2623,34794
2624,2167
2624,2173
9838,2626
9839,2626
2872,2629
3037,2629
2631,31209
2593,2635
2596,2635
2636,31209
2294,2637
2295,2637
9790,2637
9794,2637
2294,2639
2295,2639
9790,2639
9794,2639
2641,14876
2641,14999
2351,2650
2359,2650
2363,2650
2664,224
2664,351
2415,2664
13772,2668
19047,2670
13772,2672
2673,3631
2673,4930
2673,20040
19047,2674
206,2679
2439,2679
2681,2679
2685,2679
2687,2679
2887,2679
2681,2679
11095,2683
11095,2684
2685,2679
2687,2679
2689,1932
2689,1933
717,2696
2697,2696
7742,2696
11811,2696
717,2697
2697,2696
19514,2702
20080,2702
19514,2703
20080,2703
2722,2715
2715,22792
2716,3936
2716,5167
2716,10501
2716,28223
2716,28430
2717,13734
784,2721
2722,38
2722,520
2722,780
2722,2283
2722,2715
1374,2724
2773,2724
2726,54
5807,2733
9370,2733
2735,342
2735,347
2735,817
14753,2741
2747,2051
2752,736
2752,13777
2752,14787
2756,545
2756,14853
2756,14857
13310,2760
19332,2764
2767,22783
524,2772
2773,2724
2773,15040
2773,15044
2774,9790
2774,9794
3020,2775
3022,2775
3110,2775
2778,265
3436,2785
5015,2785
5022,2785
6799,2785
2790,13722
2791,13722
2795,13722
2806,13775
1516,2819
1707,2819
2819,21195
2826,465
2827,5715
2827,5716
24679,2827
2828,9359
2828,9718
2829,1563
2829,1567
1516,2832
2835,1563
2835,1567
2838,24642
2840,545
2840,14853
2840,14857
2846,395
2846,398
2846,1203
2846,1204
2854,3482
2854,5648
13310,2856
2861,8566
2865,8566
2866,1011
2866,1012
2872,127
2872,130
2872,2629
2879,23543
2884,1234
2884,3837
2884,3899
2885,1220
3194,2886
2887,2679
2895,1110
2895,1111
2896,8762
91,2901
34162,2905
34678,2905
2906,10000
2912,1783
2912,1784
2916,13654
2916,17559
7061,2925
11095,2927
2943,34794
2951,2158
2953,2158
1388,2965
2971,1478
2971,1479
2971,1487
2978,1073
2978,3213
2979,1073
2979,3213
2982,1073
2982,3213
2984,465
2991,186
2994,307
2994,308
2994,1162
2994,1368
3000,9968
3000,10450
3007,1994
3007,1998
29285,3008
9840,3011
9841,3011
2310,3012
9838,3012
9839,3012
3016,736
3016,13777
3016,14787
3017,736
3017,13777
3017,14787
3020,2775
3021,15454
3021,15455
3022,623
3022,2775
3022,15454
3022,15455
3028,587
3033,1154
3033,1155
3035,134
3035,135
3035,2558
3037,127
3037,130
3037,2629
3038,1468
3040,1000
3040,1001
3041,1000
3041,1001
3061,24411
3063,24411
3082,1084
1386,3082
3083,1084
1386,3083
3085,14
3085,1809
3086,1084
3086,7586
3086,7587
3087,373
3087,374
3089,8566
3094,5308
3094,7711
3098,14166
3100,14166
3102,4194
3102,12588
3102,14173
3107,305
3110,2775
3110,15454
3110,15455
3112,1110
3112,1111
3113,708
3114,623
3115,708
3116,708
3120,223
3120,348
34645,3127
34646,3127
34648,3127
34651,3127
34645,3128
34646,3128
34648,3128
34651,3128
3135,695
3135,696
3138,695
3138,696
3140,198
3140,199
3140,1220
3140,1365
3141,3837
3141,3899
3143,3837
3143,3899
3144,198
3144,199
3144,1365
3147,14071
3147,14074
3152,5434
3153,7586
3153,7587
20144,3155
17580,3161
17806,3161
1604,3163
1605,3163
1806,3163
2429,3163
7682,3163
8205,3163
13809,3166
1358,3168
177,3169
177,3171
3174,611
3176,611
3177,611
3182,4051
3182,4053
3183,4051
3183,4053
3186,14071
3186,14074
3187,14071
3187,14074
674,3191
674,3193
3194,67
3194,196
3194,1363
3194,2886
3210,22785
3212,1073
2978,3213
2979,3213
2982,3213
3221,15338
3221,15339
14461,3236
16309,3236
7770,3238
8722,3238
8610,3239
14461,3242
16309,3242
3334,3247
3496,3247
22403,3249
22672,3259
22673,3259
7229,3261
30418,3261
15714,3268
3270,15369
3275,11044
3275,12467
3276,11044
3276,12467
12465,3277
12937,3277
12465,3278
12937,3278
22188,3284
3287,485
762,3293
777,3293
4870,3296
9810,3296
4870,3298
9810,3298
3300,1297
34284,3307
34819,3307
34284,3308
34819,3308
34284,3309
34819,3309
33468,3312
34753,3312
33468,3313
34753,3313
33473,3320
33473,3321
33662,3321
3332,209
3332,214
3334,3247
3334,3491
3334,3495
3340,3339
3345,3339
3340,3339
3340,3346
3345,3339
3345,3346
3340,3346
3345,3346
3348,4417
3348,11081
3351,3349
3354,3349
3351,3349
3351,11081
3351,11101
3354,3349
3354,11081
3354,11101
190,3361
3389,3387
3405,3387
3388,244
3388,249
251,3388
3388,552
3388,1319
3388,2195
3387,3389
258,3391
1329,3391
3398,8001
3398,8003
3398,10449
3398,12649
3398,12882
3400,7633
3400,8001
3400,8002
3400,12649
3400,12882
3387,3405
23712,3408
25426,3408
528,3410
1159,3410
2196,3410
2253,3410
3443,3413
3447,3413
3415,6396
3415,6414
3443,3416
3447,3416
5015,3417
5009,3421
3433,3422
5015,3422
5022,3422
3434,3425
3431,3429
10867,3429
11050,3429
11051,3430
3431,3429
3422,3433
5015,3433
5022,3433
3434,3425
3436,2385
3436,2386
3436,2785
3438,3889
3438,3892
3442,6396
3442,6414
3443,3413
3443,3416
5015,3443
5022,3443
3447,3413
3447,3416
5015,3447
5022,3447
3447,6415
3449,6415
5015,3450
5022,3450
3451,282
3451,283
10229,3454
3460,6234
20957,3463
3469,6230
3469,6231
322,3474
3478,3474
11033,3474
3476,315
3476,317
324,3476
10812,3476
3478,3474
3479,310
3479,314
394,3482
451,3482
2854,3482
6219,3488
13063,3489
3334,3491
3334,3495
3496,3247
4436,3498
11055,3498
18755,3499
22220,3509
3523,3518
11386,3518
3518,3523
11386,3523
1523,3530
1524,3530
11936,3557
11941,3557
5250,3569
3569,17894
31562,3575
7153,3579
20842,3590
33487,3590
35386,3591
35386,3592
4282,3594
29372,3598
23750,3603
353,3612
365,3612
31613,3612
32239,3612
358,3619
361,3619
1252,3631
2673,3631
20416,3631
20417,3631
28930,3638
28931,3638
8045,3640
8810,3640
8045,3641
8810,3641
34847,3647
34848,3647
34847,3649
34848,3649
16183,3651
3655,10928
3655,11195
23,3659
824,3659
10796,3659
22765,3670
22779,3670
3673,33797
22492,3677
26044,3680
10572,3690
3693,4806
3693,5157
3696,11173
3696,11175
3697,11173
3697,11175
22555,3715
31429,3715
25935,3717
31431,3720
22555,3724
31429,3724
3732,5264
3732,7083
3732,13076
3732,13152
3734,223
3734,348
13895,3735
6416,3742
3912,3762
13572,3762
3781,7548
3787,1171
3787,1175
2,3789
23,3789
9281,3810
9955,3810
33795,3823
15530,3828
1052,3834
1058,3834
1369,3834
2616,3834
383,3836
1070,3836
409,3837
1231,3837
2884,3837
3141,3837
3143,3837
12050,3850
3871,1296
3874,34146
3989,3882
11960,3882
338,3884
338,3887
3438,3889
11035,3889
3438,3892
11035,3892
210,3898
212,3898
409,3899
1231,3899
2884,3899
3141,3899
3143,3899
3908,9
3908,1300
3910,4806
3910,5157
35123,3911
35240,3911
3762,3912
90,3914
1281,3914
90,3917
1281,3917
34284,3927
34819,3927
7601,3935
85,3936
2716,3936
18593,3936
19946,3936
21241,3936
35123,3938
35240,3938
3939,13730
3939,13731
25771,3941
7390,3942
11524,3942
22704,3943
22704,3946
22704,3947
5141,3965
6263,3965
6520,3965
31338,3968
3977,7826
3977,7827
9631,3980
9633,3980
16491,3983
16492,3983
19274,3985
3989,3882
2471,4001
2487,4001
2489,4001
2492,4001
2471,4002
2487,4002
2489,4002
2492,4002
18256,4006
18258,4006
20936,4008
20936,4009
10908,4025
3182,4051
3183,4051
3182,4053
3183,4053
4058,508
4058,511
14007,4066
6856,4067
23258,4082
4090,4087
12613,4089
21349,4089
4087,4090
6573,4090
21349,4091
4098,6645
4098,6646
4098,10773
4098,10774
4104,6645
4104,6646
4104,10773
4104,10774
617,4110
665,4110
20316,4118
22103,4118
20316,4122
22103,4122
4138,14111
4138,21343
4138,21344
4145,4142
7904,4142
7913,4142
4145,4142
4145,10960
6432,4158
6432,4159
6837,4161
13105,4161
5854,4164
4167,8603
4167,8604
4168,8603
14624,4173
14626,4173
4882,4175
6926,4175
20452,4175
4176,181
4176,182
4882,4177
6926,4177
20452,4177
14624,4181
14626,4181
641,4192
1519,4192
2548,4192
3102,4194
641,4195
1519,4195
2548,4195
33470,4196
35358,4196
33470,4198
35358,4198
14194,4212
4225,4215
4215,4225
10428,4234
16383,4234
11728,4238
4416,4242
6584,4242
14439,4243
23322,4245
3594,4282
23363,4304
23363,4309
10667,4313
18169,4313
5,4327
19,4327
7571,4327
8086,4327
7295,4331
6749,4336
31698,4343
9848,4357
9849,4357
4364,598
4364,2517
4364,9891
4364,9978
6433,4371
4376,4375
4736,4375
4376,4375
4376,4379
4376,11694
4376,11705
4376,4379
4736,4379
6633,4393
269,4396
271,4396
1402,4397
269,4399
271,4399
1404,4400
12873,4400
4407,7558
4407,9970
4410,7558
4410,9970
4411,1212
4416,4242
4416,4418
3348,4417
4416,4418
6584,4418
4426,33686
4433,7521
4433,7922
4436,3498
4437,7521
4437,7922
4461,5761
4461,7622
4461,12474
4461,12476
4463,7622
4463,11029
4463,12476
661,4474
4475,267
655,4476
661,4484
11966,4496
12639,4496
11966,4500
12639,4500
6920,4502
6920,4503
4510,4617
4510,7632
4517,4617
4517,7632
14537,4523
14538,4523
12990,4525
10489,4531
12635,4540
12634,4541
21781,4542
4557,5466
4557,5467
4557,10179
4567,10179
21004,4568
21413,4568
4573,19775
4573,19777
477,4578
1133,4578
22012,4581
22013,4581
477,4582
1133,4582
25634,4584
4590,4589
4589,4590
6687,4597
4510,4617
4517,4617
4621,21574
4624,21574
4625,4628
4625,6448
4625,6922
4625,12685
4625,12687
4627,4628
4627,10033
4627,12685
4625,4628
4627,4628
12712,4628
4629,9128
4629,12685
4637,4675
4637,7054
4638,6238
4638,10866
4650,4641
4655,4641
23683,4643
13009,4647
4650,4641
4655,4641
27411,4657
7047,4659
12331,4671
33364,4671
7049,4674
4637,4675
7054,4675
2236,4678
2237,4678
4703,4694
4700,7558
4700,9970
4703,4694
8025,4729
8025,4730
4736,4375
4736,4379
4736,11694
4736,11705
27249,4739
4756,512
4756,514
4758,9
4758,1300
8667,4797
3693,4806
3910,4806
5166,4806
9833,4806
18499,4825
18502,4825
4838,4841
4838,4848
4838,4841
11374,4841
4838,4848
11374,4848
425,4866
1282,4866
4870,3296
4870,3298
4882,4175
4882,4177
4882,12586
11319,4894
33795,4903
6281,4906
26827,4910
28372,4910
4918,645
7849,4922
4923,512
4923,514
14901,4926
353,4927
365,4927
31613,4927
32239,4927
1252,4930
2673,4930
20416,4930
20417,4930
353,4935
365,4935
28102,4935
28103,4935
4951,5146
4951,7362
4951,7367
7367,4952
10547,4959
10547,4960
35074,4966
4970,4968
14936,4969
35096,4969
4968,4970
8998,4970
35074,4972
20539,4990
16575,4991
14964,4995
14964,4997
12516,5006
5009,3421
5011,5911
5011,6394
5015,280
5015,285
5015,2385
5015,2386
5015,2785
5015,3417
5015,3422
5015,3433
5015,3443
5015,3447
5015,3450
5015,6800
5015,10872
5015,11049
5015,16431
5015,24262
5019,6224
5022,280
5022,285
5022,2385
5022,2386
5022,2785
5022,3422
5022,3433
5022,3443
5022,3447
5022,3450
5022,10871
5022,16431
5022,24262
5052,5047
7940,5047
5052,5049
7940,5049
5052,5047
5052,5049
6307,5055
6278,5066
5074,5075
5074,7701
5074,10342
5074,5075
5952,5080
10544,5083
33451,5083
5954,5096
11379,5100
11379,5103
3965,5141
4951,5146
10471,5147
22712,5148
25726,5148
31342,5148
7373,5152
11379,5152
10305,5153
3693,5157
3910,5157
5166,5157
9833,5157
8636,5162
5166,4806
5166,5157
2716,5167
19946,5167
85,5168
18593,5168
21242,5168
5191,1990
7390,5201
11524,5201
25771,5202
5212,8714
5212,10785
5228,5226
11349,5226
5226,5228
31096,5239
5244,5241
34336,5241
5244,5241
5244,33949
5244,33951
5244,33954
33959,5246
5250,3569
5250,7779
5250,12327
5260,7623
5260,17626
5261,7623
5261,17626
5262,1297
11936,5263
11941,5263
3732,5264
7082,5264
7104,5264
838,5268
839,5268
24518,5271
34051,5303
34051,5305
1020,5308
3094,5308
17185,5327
9134,5328
9139,5328
8487,5338
9134,5341
9139,5341
5346,2057
5346,2059
5674,5349
5372,5367
5381,5367
5372,5368
5381,5368
5372,5367
5372,5368
5377,5378
5377,5379
5377,13236
5377,15338
5377,15339
5377,5378
5378,15338
5378,15339
5377,5379
5381,5367
5381,5368
33360,5383
5386,5407
5386,5409
5387,5407
5387,5409
5390,5408
5390,5410
5391,5408
5391,5410
5386,5407
5387,5407
5390,5408
5391,5408
5386,5409
5387,5409
5390,5410
5391,5410
5,5421
19,5421
7571,5421
8086,5421
11891,5428
12096,5428
11891,5429
12096,5429
5430,5431
5430,5431
5442,5431
7950,5431
5442,5433
9889,5433
3152,5434
5442,5431
5442,5433
15688,5450
25173,5450
25179,5450
25180,5450
19180,5451
25175,5452
15704,5453
19180,5454
24551,5455
16216,5459
15689,5460
5462,10179
4557,5466
4557,5467
5471,5472
5471,5477
5471,5490
5471,5472
5480,5472
5494,5473
5471,5477
5480,5477
5480,5472
5480,5477
5471,5490
5493,5490
9115,5490
5493,5490
5494,5473
9117,5498
21394,5502
21394,5504
5513,6443
5513,6444
5514,6443
5514,6444
5525,12734
5525,12737
5526,12734
5526,12737
5537,1148
5537,1149
5539,1148
5539,1149
510,5543
1146,5543
510,5544
1146,5544
5547,508
5547,511
24566,5559
24567,5559
16028,5560
16377,5562
25194,5564
9633,5570
5572,15369
5590,2287
5590,2291
5599,5597
35256,5597
5597,5599
35256,5599
6094,5605
14834,5615
8308,5630
8929,5630
8924,5633
11255,5633
5638,34528
5638,34531
22487,5644
30551,5644
22487,5645
30551,5645
394,5648
451,5648
2854,5648
94,5651
361,5651
2274,5651
8308,5652
8929,5652
10481,5654
7410,5666
5349,5674
10503,5677
8686,5701
8688,5701
8686,5709
8688,5709
242,5715
2827,5715
27277,5715
242,5716
2827,5716
27277,5716
33617,5731
33621,5731
33615,5733
33616,5733
6349,5741
8923,5744
9103,5758
11721,5758
4461,5761
5807,45
5807,522
5807,1370
5807,2733
23,5829
824,5829
10796,5829
24746,5835
11510,5839
5854,4164
5858,15616
5858,21887
5862,15616
5862,21887
5868,16328
5868,20433
5869,16328
5869,20433
10877,5877
9240,5878
5896,5913
5898,5911
5901,5939
5901,7624
5901,15491
5901,16445
5901,16595
5901,22756
5901,22929
5901,24384
5901,30649
5902,5939
5902,7624
5902,15491
5902,16445
5902,16595
5902,22756
5902,22929
5902,24384
5902,30649
5903,6393
5903,12006
5905,6393
5905,12006
5908,5913
5011,5911
5898,5911
5896,5913
5908,5913
12188,5913
15575,5924
5926,6782
5926,10137
8918,5929
9688,5930
8924,5934
11255,5934
9688,5936
5901,5939
5902,5939
8758,5942
16630,5951
5080,5952
5096,5954
16630,5954
24501,5954
25056,5966
26757,5966
30052,5970
15388,5987
15389,5987
6005,21417
6006,21415
6009,21415
6009,21417
7761,6011
7766,6011
29152,6017
6021,7573
6021,7578
6029,6065
7286,6033
7287,6033
7284,6037
7288,6037
8765,6037
6039,7259
6039,7273
6039,7274
6039,7276
25415,6040
7286,6042
7287,6042
6051,8166
7350,6054
6055,7259
6055,7273
6077,6064
11771,6064
6029,6065
6086,6065
11775,6065
8195,6067
8198,6067
7790,6068
11772,6068
6077,6064
11775,6078
6086,6065
5605,6094
17504,6099
6106,1441
6106,1647
6106,7318
6106,7321
6119,1441
6119,1647
6119,7321
9464,6123
6124,1441
6124,1647
6124,7321
7819,6140
7820,6140
25608,6165
26126,6165
6914,6167
8203,6167
6175,7573
6175,7578
8678,6182
6195,6738
16572,6196
16574,6196
16046,6200
8666,6207
6208,485
14838,6212
6223,6218
6219,3488
6223,6220
6223,6222
6223,6218
6223,6220
6223,6222
5019,6224
12188,6224
3469,6230
9078,6230
3469,6231
9078,6231
3460,6234
9079,6234
4638,6238
7065,6238
3965,6263
11548,6266
11548,6267
23699,6276
5066,6278
4906,6281
25751,6281
15045,6285
8935,6293
11323,6303
11324,6303
5055,6307
6314,8502
6314,9428
6322,13842
6322,16039
6322,16044
6323,16041
6323,16043
9472,6338
5741,6349
8945,6359
425,6381
1282,6381
519,6382
2282,6382
784,6385
5903,6393
5905,6393
5011,6394
3415,6396
3442,6396
8898,6405
3415,6414
3442,6414
3447,6415
3449,6415
3742,6416
27103,6429
4158,6432
4159,6432
4371,6433
13147,6433
12599,6435
12601,6435
5513,6443
5514,6443
5513,6444
5514,6444
4625,6448
528,6475
1159,6475
2196,6475
2253,6475
14600,6495
3965,6520
393,6531
784,6536
6537,20204
6537,20206
21004,6546
21413,6546
6562,6549
10058,6549
9007,6552
6558,10928
6558,11195
6549,6562
12163,6570
4090,6573
7915,6578
6584,4242
6584,4418
31612,6591
6847,6594
6847,6595
6599,8603
12010,6600
18637,6623
18638,6623
4393,6633
4098,6645
4104,6645
4098,6646
4104,6646
2236,6650
2236,6652
2237,6652
6655,244
6655,248
6655,552
6655,1319
6660,6658
6661,6658
6658,6660
6661,6660
6658,6661
6660,6661
16483,6664
6683,17885
1052,6684
1058,6684
1369,6684
2616,6684
4597,6687
6699,481
6699,1069
8739,6735
7545,6736
7545,6737
6195,6738
30296,6746
4336,6749
11343,6749
12584,6777
12022,6779
6781,395
6781,398
6781,1203
6781,1204
5926,6782
6799,2385
6799,2386
6799,2785
5015,6800
8656,6809
10568,6826
4161,6837
7368,6841
6594,6847
6595,6847
4067,6856
6886,6885
6887,6885
6885,6886
6885,6887
7596,6905
7599,6905
8203,6909
6167,6914
8203,6914
4502,6920
4503,6920
4625,6922
6926,4175
6926,4177
8512,6948
7376,6949
8558,6949
10746,6964
11328,6964
22531,6990
27532,7001
14657,7005
12305,7021
11287,7023
4659,7047
4674,7049
23695,7049
9459,7050
12537,7050
4637,7054
4675,7054
7061,203
7061,204
7061,2925
7065,6238
7065,10866
7082,5264
7082,13152
3732,7083
13077,7083
13894,7086
7104,7099
13152,7099
7104,5264
7104,7099
32429,7115
3579,7153
7164,7160
34327,7160
7160,7164
9766,7173
7174,8166
7186,7179
7179,7186
3261,7229
30418,7229
7256,7259
7256,7273
7257,10475
7257,10476
6039,7259
6055,7259
7256,7259
8164,7259
11116,7259
32885,7261
6039,7273
6055,7273
7256,7273
8164,7273
11116,7273
6039,7274
8164,7274
7275,10475
7275,10476
6039,7276
8164,7276
6037,7284
25416,7285
7286,6033
7286,6042
7287,6033
7287,6042
6037,7288
4331,7295
17728,7303
7315,9813
7315,12957
7316,9813
7316,12957
6106,7318
9463,7318
7320,1441
7320,1647
6106,7321
6119,7321
6124,7321
9463,7321
23019,7331
6054,7350
1215,7351
1215,7352
7358,7747
20059,7358
20066,7358
20187,7359
4951,7362
4951,7367
4952,7367
6841,7368
7373,5152
7373,8124
7373,9301
7376,6949
7376,14672
7376,18961
7376,21094
7388,14954
7388,14956
7390,3942
7390,5201
7400,7397
34364,7397
7400,7397
7400,9381
7400,12427
7409,1990
5666,7410
35123,7411
35240,7411
35123,7414
35240,7414
8663,7417
8151,7425
7428,8146
210,7458
212,7458
26977,7490
7503,1171
7503,1175
2,7504
23,7504
4433,7521
4437,7521
7920,7521
7922,7521
7545,6736
7545,6737
3781,7548
4407,7558
4410,7558
4700,7558
7562,7559
7759,7559
7765,7559
7559,7562
7765,7562
7571,4327
7571,5421
6021,7573
6175,7573
10990,7573
11073,7573
6021,7578
6175,7578
10990,7578
11073,7578
7583,7586
7583,7587
48,7586
1387,7586
2529,7586
3086,7586
3153,7586
7583,7586
13626,7586
13807,7586
17609,7586
48,7587
1387,7587
2529,7587
3086,7587
3153,7587
7583,7587
13626,7587
13807,7587
17609,7587
7589,7826
7589,7827
34413,7595
7596,6905
7596,12234
7596,14089
7599,6905
7601,3935
7601,12505
7607,1393
4461,7622
4463,7622
5260,7623
5261,7623
5901,7624
5902,7624
12066,7625
12066,7626
269,7629
271,7629
4510,7632
4517,7632
3400,7633
23464,7660
7681,1663
7682,1805
7682,1808
7682,1809
7682,3163
7688,34741
8660,7690
34738,7690
8660,7692
34738,7692
8660,7693
34738,7693
9012,7698
5074,7701
10342,7701
1020,7711
3094,7711
15843,7713
17283,7713
22829,7713
15815,7728
717,7742
7742,2696
7358,7747
7749,7747
7748,17885
7749,7747
20059,7751
20066,7751
7758,786
7758,790
7559,7759
6011,7761
7766,7761
7763,786
7763,790
7559,7765
7562,7765
6011,7766
7761,7766
7770,327
7770,1290
7770,3238
7773,310
7773,314
7776,17894
5250,7779
7780,7781
7780,7782
7780,7781
7785,7781
7780,7782
7785,7782
7785,7781
7785,7782
8195,7788
8198,7788
7790,6068
7806,325
7806,1296
7807,325
7807,1296
11847,7807
7819,6140
7819,7822
7819,9701
7819,10839
7819,11296
7819,17105
7820,6140
7820,7822
7820,9701
7820,10839
7820,11296
7820,17105
7819,7822
7820,7822
8143,7823
3977,7826
7589,7826
3977,7827
7589,7827
7834,241
7834,716
8145,7841
7846,241
7846,716
7849,4922
7849,11260
7849,11262
7854,7853
7853,7854
15496,7872
13842,7874
7880,325
7880,1296
11846,7880
7887,267
7895,244
7895,249
7895,552
7895,1319
7895,2195
7904,4142
7904,10959
7913,4142
7913,10959
6578,7915
7920,7521
4433,7922
4437,7922
7922,7521
12806,7923
12808,7923
26630,7927
28112,7936
31516,7939
7940,5047
7940,5049
10687,7943
10885,7943
7950,5431
15580,7953
22191,7974
12598,7990
12599,7990
12601,7990
7992,1483
7992,1495
7992,1496
7992,1498
7992,2092
190,8000
33662,8000
3398,8001
3400,8001
3400,8002
3398,8003
1683,8017
1685,8017
1683,8021
1685,8021
27121,8023
4729,8025
4730,8025
24704,8030
2236,8040
2237,8040
8045,3640
8045,3641
8979,8058
9052,8066
12355,8066
29936,8071
617,8083
665,8083
8086,4327
8086,5421
10875,8102
11557,8102
8122,10420
7373,8124
22208,8127
8143,7823
7841,8145
7428,8146
8151,7425
8151,9283
8151,9829
18256,8160
18258,8160
18256,8162
18258,8162
8164,7259
8164,7273
8164,7274
8164,7276
6051,8166
7174,8166
11799,8167
8195,8189
8198,8189
10986,8189
10987,8189
11601,8189
11605,8189
8195,8192
8198,8192
10986,8192
10987,8192
11601,8192
11605,8192
8195,6067
8195,7788
8195,8189
8195,8192
8195,10984
8195,10985
8198,6067
8198,7788
8198,8189
8198,8192
8198,10984
8198,10985
8203,6167
8203,6909
8203,6914
8205,1805
8205,1808
8205,1809
8205,3163
26289,8210
18318,8241
18320,8241
11684,8250
8251,20206
8522,8253
24943,8256
8261,181
8261,182
10826,8268
10938,8272
8275,282
8275,283
8279,342
8279,347
8308,5630
8308,5652
405,8309
1166,8309
405,8310
1166,8310
8311,34528
8311,34531
8369,8377
8369,8378
12520,8369
8369,8377
10087,8377
12519,8377
8369,8378
10087,8378
12519,8378
19227,8396
19851,8396
19850,8398
19851,8398
8403,24536
8408,8412
8408,12753
8408,8412
5,8413
19,8413
1523,8443
1523,8446
8446,8447
8446,8447
9102,8447
11722,8447
8470,2005
8470,2006
12553,8479
12803,8479
12553,8482
12803,8482
5338,8487
8497,582
8497,585
8497,1701
8497,1960
9020,8498
13173,8500
6314,8502
12775,8502
6948,8512
8520,1708
8520,1710
8522,8253
8522,9283
8523,785
8526,785
8527,88
8527,526
8527,1376
8527,2586
8530,2013
8558,6949
8558,14672
8558,18961
8558,21094
12634,8559
12635,8562
2511,8566
2861,8566
2865,8566
3089,8566
9670,8580
30071,8585
32447,8585
27786,8601
29629,8601
4167,8603
4168,8603
6599,8603
20151,8603
21565,8603
4167,8604
10419,8604
8607,33269
8610,1292
8610,1293
8610,3239
9007,8616
24306,8626
17432,8630
8636,5162
8636,11397
8636,29698
8651,8653
8651,10210
8651,14296
8651,19767
8652,8653
8652,10210
8652,14296
8652,19767
8651,8653
8652,8653
6809,8656
8657,325
8657,1296
8660,7690
8660,7692
8660,7693
7417,8663
10600,8665
6207,8666
4797,8667
6182,8678
8686,5701
8686,5709
8688,5701
8688,5709
8700,10118
8700,10996
10154,8705
10653,8708
5212,8714
8721,8720
8720,8721
8722,327
8722,1290
8722,3238
18637,8728
18638,8728
8739,6735
32462,8751
32464,8751
5942,8758
536,8762
2549,8762
2896,8762
9557,8763
10788,8763
25416,8764
6037,8765
8801,15250
8801,19099
8810,3640
8810,3641
11988,8811
11989,8811
24726,8813
29937,8813
26044,8833
22497,8851
22498,8851
22497,8857
22498,8857
18769,8860
18769,8864
8865,10528
1404,8878
9195,8890
6405,8898
30336,8903
5929,8918
11370,8918
5744,8923
8924,5633
8924,5934
8929,5630
8929,5652
6293,8935
6359,8945
8058,8979
8989,822
8989,823
8994,822
8994,823
4970,8998
6552,9007
8616,9007
7698,9012
8498,9020
9044,9020
9041,9038
9038,9041
9020,9044
8066,9052
9078,6230
9078,6231
9079,6234
1524,9101
1523,9102
9102,8447
5758,9103
33468,9108
34753,9108
9115,5490
5498,9117
4629,9128
9129,12566
9129,12681
9129,12686
5328,9134
5341,9134
5328,9139
5341,9139
9151,9149
9149,9151
30321,9153
22226,9164
24298,9164
13430,9169
9194,9422
9194,10713
9195,8890
9195,9422
9195,10713
9217,16424
9240,5878
9259,9257
9261,9257
9257,9259
9261,9259
9257,9261
9259,9261
9262,9261
9261,9262
3810,9281
8151,9283
8522,9283
7373,9301
22816,9314
23950,9320
23958,9320
9330,2278
242,9359
2828,9359
9360,33433
9367,88
9367,526
9367,1376
9367,2586
9370,45
9370,522
9370,1370
9370,2733
29718,9371
32590,9375
7400,9381
34364,9381
30083,9390
22357,9392
9194,9422
9195,9422
6314,9428
12775,9428
7050,9459
12537,9459
9463,1441
9463,1647
9463,7318
9463,7321
6123,9464
6338,9472
9511,15250
9511,19099
9513,15250
9513,19099
9539,9529
9541,9529
9539,9530
9541,9530
9539,9529
9539,9530
9541,9529
9541,9530
9557,8763
14697,9567
9579,9572
32365,9572
9572,9579
32365,9579
14495,9619
3980,9631
3980,9633
5570,9633
9670,9668
8580,9670
9668,9670
5930,9688
5936,9688
11509,9691
11509,9694
7819,9701
7820,9701
22488,9704
242,9718
2828,9718
26657,9748
30948,9748
7173,9766
11492,9774
2637,9790
2639,9790
2774,9790
9793,2287
9793,2291
2637,9794
2639,9794
2774,9794
2285,9796
2379,9796
9810,3296
9810,3298
7315,9813
7316,9813
9971,9818
22226,9825
24298,9825
8151,9829
16483,9830
9833,4806
9833,5157
2238,9838
2241,9838
2327,9838
2414,9838
2626,9838
3012,9838
12332,9838
12335,9838
12336,9838
2238,9839
2241,9839
2327,9839
2414,9839
2626,9839
3012,9839
12332,9839
12333,9839
2238,9840
2241,9840
2328,9840
3011,9840
2238,9841
2241,9841
2328,9841
3011,9841
9848,4357
9848,11570
9849,4357
9849,11570
9889,5433
4364,9891
9892,1483
9892,1495
9892,1496
9892,1498
9892,2092
17393,9895
18318,9910
18320,9910
9954,13730
9954,13731
3810,9955
15358,9961
9966,1212
1091,9968
2475,9968
2516,9968
3000,9968
10776,9969
12818,9969
18325,9969
4407,9970
4410,9970
4700,9970
9971,9818
4364,9978
9983,502
9983,505
91,10000
533,10000
2129,10000
2906,10000
11969,10000
11970,10000
19515,10007
21781,10010
12970,10030
4627,10033
6549,10058
10072,1962
10087,8377
10087,8378
12520,10087
10095,10982
10109,10118
10109,10996
20337,10114
8700,10118
10109,10118
22765,10124
10133,395
10133,398
10133,1203
10133,1204
5926,10137
35199,10150
8705,10154
4557,10179
4567,10179
5462,10179
10182,10179
10182,10179
33029,10188
33030,10188
33029,10190
33030,10190
8651,10210
8652,10210
10214,19775
10214,19777
3454,10229
5153,10305
5074,10342
7701,10342
10377,10375
10375,10377
11399,10387
27146,10390
12327,10397
10565,10409
10419,8604
8122,10420
10421,10420
10421,10420
4234,10428
34955,10437
34956,10437
34957,10437
35239,10437
34955,10439
34956,10439
34957,10439
35239,10439
3398,10449
1091,10450
2475,10450
2516,10450
3000,10450
10454,481
10454,1069
10459,2341
10459,34910
10460,2341
10460,34910
18637,10469
18638,10469
10471,5147
12699,10473
7257,10475
7275,10475
7257,10476
7275,10476
5654,10481
4531,10489
10698,10490
20842,10493
32206,10496
2716,10501
19946,10501
5677,10503
12079,10504
8865,10528
11050,10528
11381,10534
5083,10544
4959,10547
4960,10547
18318,10554
18320,10554
10565,10557
10409,10565
10557,10565
6826,10568
3690,10572
24103,10573
8665,10600
10615,33938
10616,33938
14681,10627
14683,10627
8708,10653
16572,10658
16574,10658
4313,10667
18169,10667
10672,382
10672,384
10674,382
10674,384
10682,13730
10682,13731
7943,10687
10885,10687
34122,10689
34122,10694
10490,10698
18755,10704
19331,10707
9194,10713
9195,10713
10741,33433
6964,10746
11328,10746
4098,10773
4104,10773
4098,10774
4104,10774
10776,9969
10776,13625
5212,10785
10788,8763
10789,15250
10789,19099
23,10792
824,10792
23,10795
824,10795
10796,3659
10796,5829
23,10800
824,10800
23,10803
824,10803
23,10807
824,10807
23,10810
824,10810
3476,10812
12343,10813
8268,10826
22226,10828
24298,10828
17118,10835
17119,10835
7819,10839
7820,10839
19363,10859
20658,10859
4638,10866
7065,10866
10867,3429
5022,10871
5015,10872
8102,10875
11557,10875
5877,10877
18499,10883
18502,10883
7943,10885
10687,10885
1523,10891
10892,13826
25698,10907
4025,10908
3655,10928
6558,10928
8272,10938
11732,10941
7904,10959
7913,10959
4145,10960
11875,10974
10095,10982
8195,10984
8198,10984
8195,10985
8198,10985
10986,8189
10986,8192
10987,8189
10987,8192
10990,7573
10990,7578
8700,10996
10109,10996
10998,33269
311,11019
4463,11029
11032,315
11032,317
11033,3474
11035,3889
11035,3892
3275,11044
3276,11044
5015,11049
11050,3429
11050,10528
11051,3430
11052,308
11052,1162
11055,3498
11067,21769
11073,7573
11073,7578
3348,11081
3351,11081
3354,11081
11095,201
11095,207
11095,2683
11095,2684
11095,2927
3351,11101
3354,11101
32876,11115
32885,11115
11116,7259
11116,7273
15530,11159
3696,11173
3697,11173
3696,11175
3697,11175
3655,11195
6558,11195
11255,5633
11255,5934
7849,11260
7849,11262
7023,11287
7819,11296
7820,11296
4894,11319
6303,11323
11324,11323
6303,11324
11323,11324
14948,11325
21146,11325
6964,11328
10746,11328
35199,11330
11339,11338
11338,11339
6749,11343
5226,11349
11356,11355
11355,11356
32588,11360
8918,11370
11510,11371
11374,4841
11374,4848
11379,5100
11379,5103
11379,5152
10534,11381
3518,11386
3523,11386
8636,11397
10387,11399
11414,34741
2237,11417
11451,2005
11451,2006
22430,11474
22430,11476
22490,11487
9774,11492
9691,11509
9694,11509
5839,11510
11371,11510
11522,14954
11522,14956
22231,11522
11524,3942
11524,5201
22688,11524
14834,11545
6266,11548
6267,11548
8102,11557
10875,11557
9848,11570
9849,11570
11601,8189
11601,8192
11605,8189
11605,8192
11638,648
11638,649
18169,11658
8250,11684
11684,20206
11689,20204
4376,11694
4736,11694
23033,11695
11702,14111
11702,21343
11702,21344
4376,11705
4736,11705
5758,11721
1523,11722
1524,11722
11722,8447
26439,11725
4238,11728
10941,11732
33487,11745
11771,6064
11772,6068
11775,6065
6078,11775
11799,8167
717,11811
1457,11811
11811,2696
18505,11836
12119,11842
11846,1296
7880,11846
11847,325
7807,11847
25463,11850
10974,11875
11891,5428
11891,5429
17815,11895
11898,1663
18256,11899
18258,11899
11917,20938
11936,3557
11936,5263
11941,3557
11941,5263
11960,3882
11966,4496
11966,4500
11969,91
11969,534
11969,2050
11969,2129
11969,10000
11970,10000
1524,11984
8811,11988
8811,11989
5903,12006
5905,12006
22554,12009
6600,12010
6779,12022
12047,1278
12048,1278
3850,12050
12066,7625
12066,7626
10504,12079
34909,12086
12096,5428
12096,5429
33959,12115
11842,12119
21071,12131
20954,12137
30102,12158
6570,12163
12188,5913
12188,6224
20938,12231
7596,12234
12251,12249
12249,12251
12300,1299
7021,12305
31794,12306
23022,12307
29878,12307
5250,12327
10397,12327
4671,12331
9838,12332
9839,12332
9839,12333
9838,12335
9838,12336
10813,12343
22253,12347
26958,12347
8066,12355
7400,12427
34364,12427
25726,12450
12465,3277
12465,3278
3275,12467
3276,12467
4461,12474
4461,12476
4463,12476
12494,33686
7601,12505
12509,223
12509,348
5006,12516
12519,8377
12519,8378
12520,8369
12520,10087
7050,12537
9459,12537
12543,244
12543,248
12543,552
12543,1319
22897,12550
12553,8479
12553,8482
9129,12566
12572,14672
12572,18961
12583,15368
12583,15369
6777,12584
4882,12586
15598,12586
16936,12586
12587,2013
3102,12588
12595,183
12595,185
12595,34966
12598,7990
12599,6435
12599,7990
12601,6435
12601,7990
12612,21349
12613,4089
12613,21349
12634,4541
12634,8559
12635,4540
12635,8562
12639,4496
12639,4500
12641,23513
12645,23513
3398,12649
3400,12649
12650,209
12650,214
2016,12652
9129,12681
4625,12685
4627,12685
4629,12685
12712,12685
9129,12686
4625,12687
12711,12687
12699,10473
12706,614
12706,615
12709,614
12709,615
12711,12687
12712,4628
12712,12685
12782,12714
12715,14060
12715,21350
12716,14060
12716,21350
12731,12735
12731,12739
12732,12735
12732,12739
5525,12734
5526,12734
12731,12735
12732,12735
5525,12737
5526,12737
12731,12739
12732,12739
15934,12740
5,12747
19,12747
5,12749
19,12749
8408,12753
5,12756
19,12756
5,12762
19,12762
5,12765
19,12765
12774,342
12774,347
12775,8502
12775,9428
13194,12780
12714,12782
28893,12784
12803,8479
12803,8482
7923,12806
12808,12806
7923,12808
12806,12808
12818,9969
12818,13625
13130,12842
13129,12843
12870,12864
12864,12870
1402,12871
4400,12873
3398,12882
3400,12882
2236,12884
2237,12884
12937,3277
12937,3278
7315,12957
7316,12957
10030,12970
4525,12990
4647,13009
2236,13028
2237,13028
33291,13040
13118,13059
13119,13059
3489,13063
3732,13076
13077,13076
13077,7083
13077,13076
23455,13096
4161,13105
13059,13118
13059,13119
12843,13129
12842,13130
30102,13131
6433,13147
3732,13152
7082,13152
7099,13152
8500,13173
13174,582
13174,585
12780,13194
13208,21769
13234,15368
5377,13236
13236,15338
13236,15339
13262,17454
13297,286
13298,284
13310,2760
13310,2856
13316,9
13316,1300
13365,13360
15902,13362
21421,13362
15902,13363
21421,13363
13360,13365
13412,144
13412,2235
17949,13413
13417,144
13417,2235
9169,13430
15333,13431
31151,13439
13455,1237
13457,149
146,13459
2233,13459
13470,1513
13470,1514
13470,1517
13470,1574
1416,13483
1424,13483
16893,13484
16894,13484
19012,13492
17903,13530
17903,13533
24765,13533
24791,13533
16000,13543
16001,13543
32690,13563
25006,13566
3762,13572
13577,13574
20160,13574
13574,13577
32926,13587
13611,1595
13611,1597
14328,13617
15437,13617
21359,13617
14328,13618
15437,13618
21359,13618
10776,13625
12818,13625
13626,7586
13626,7587
1033,13631
1043,13631
28376,13632
22725,13639
20261,13644
13653,13654
13653,17559
380,13654
2916,13654
13653,13654
21665,13658
17221,13678
21828,13709
13714,17968
13714,17970
334,13717
338,13717
2790,13722
2791,13722
2795,13722
3939,13730
9954,13730
10682,13730
33520,13730
3939,13731
9954,13731
10682,13731
33520,13731
789,13734
792,13734
793,13734
2717,13734
14985,13734
16895,13735
397,13742
521,13742
13754,13743
13754,13745
527,13748
34262,13748
13750,15568
13753,13756
13754,13743
13754,13745
13754,15569
13753,13756
13772,2668
13772,2672
13772,20027
13772,20029
111,13775
2806,13775
731,13777
2752,13777
3016,13777
3017,13777
2236,13782
2237,13782
13807,7586
13807,7587
17609,13807
13809,1138
13809,1358
13809,3166
1989,13826
10892,13826
35019,13826
13830,17454
28888,13834
6322,13842
7874,13842
26351,13852
21840,13883
7086,13894
3735,13895
13939,13929
17261,13929
22979,13938
31840,13938
13929,13939
22979,13941
27612,13947
13953,11
16862,13956
21028,13957
23189,13970
28617,13970
33005,13970
23189,13971
33005,13971
28617,13973
26430,13983
26431,13983
15783,13986
16778,13986
4066,14007
1790,14014
1972,14014
2496,14014
2497,14014
1790,14015
1972,14015
2496,14015
2497,14015
26625,14027
14035,16273
14035,20752
12715,14060
12716,14060
3147,14071
3186,14071
3187,14071
628,14072
3147,14074
3186,14074
3187,14074
23011,14075
7596,14089
14168,14090
17784,14107
17803,14107
4138,14111
11702,14111
17789,14118
18147,14159
19537,14162
3098,14166
3100,14166
14090,14168
20317,14169
3102,14173
4212,14194
27131,14194
26443,14238
14247,16322
14255,16322
14270,33483
23365,14290
23385,14292
8651,14296
8652,14296
20509,14300
23386,14300
18018,14319
14328,13617
14328,13618
16418,14336
15426,14358
20282,14358
16395,14366
14404,14383
14405,14383
14383,14404
14383,14405
26555,14433
4243,14439
26579,14444
26580,14444
21238,14452
21239,14452
28577,14454
28140,14457
23455,14458
33692,14460
34286,14460
653,14461
14461,656
14461,658
14461,660
14461,3236
14461,3242
21395,14490
21399,14490
21400,14490
9619,14495
19517,14513
197,14525
500,14525
14529,14527
19093,14527
17740,14528
14527,14529
14533,14529
16841,14529
14538,14530
14529,14533
14538,14533
19093,14533
4523,14537
4523,14538
14530,14538
14533,14538
26143,14545
26143,14546
23572,14553
23573,14553
16234,14570
16235,14570
16234,14573
16235,14573
16233,14574
21009,14574
23614,14576
14619,14597
16999,14597
6495,14600
21295,14610
16985,14615
14597,14619
4173,14624
4181,14624
4173,14626
4181,14626
19525,14629
21210,14629
21782,14629
14654,14635
23683,14635
17092,14641
19522,14650
14635,14654
7005,14657
33720,14665
35238,14665
7376,14672
8558,14672
12572,14672
10627,14681
10627,14683
9567,14697
15122,14727
14731,14738
14731,14746
14731,20056
14731,14738
14747,14738
15565,14738
14731,14746
14747,14746
15565,14746
14747,14738
14747,14746
14747,20056
14753,2741
15557,14755
15560,14755
32688,14774
32690,14774
18500,14784
731,14787
2752,14787
3016,14787
3017,14787
109,14794
2582,14794
2583,14794
14804,423
14804,426
20477,14812
19876,14816
14819,739
14819,740
27917,14833
33749,14833
33754,14833
33855,14833
33856,14833
33860,14833
14834,5615
14834,11545
14834,33768
14834,34171
6212,14838
749,14853
750,14853
2756,14853
2840,14853
749,14857
750,14857
2756,14857
2840,14857
17131,14861
88,14876
117,14876
800,14876
2585,14876
2641,14876
20901,14881
20902,14881
32117,14887
27771,14895
32368,14897
24770,14898
368,14899
1255,14899
1273,14899
1276,14899
31003,14899
32236,14899
20114,14900
20384,14900
4926,14901
33825,14929
33825,14934
4969,14936
14946,19530
14946,19532
14946,33821
14946,34585
11325,14948
7388,14954
11522,14954
31404,14954
7388,14956
11522,14956
31404,14956
31421,14960
14964,4995
14964,4997
15952,14980
14985,13734
29404,14986
119,14999
797,14999
803,14999
2641,14999
15004,150
15004,1288
292,15009
306,15009
1521,15009
2198,15009
29879,15016
17966,15019
18606,15019
53,15040
541,15040
1374,15040
2773,15040
53,15044
541,15044
1374,15044
2773,15044
6285,15045
20965,15055
20970,15055
15058,15057
15057,15058
15879,15058
17244,15094
17244,15096
16541,15102
15109,147
15109,148
20961,15116
14727,15122
876,15197
929,15197
16092,15208
16092,15209
16640,15224
16645,15224
18496,15239
18497,15239
8801,15250
9511,15250
9513,15250
10789,15250
15262,20035
18565,15280
17538,15281
17383,15285
18180,15285
21422,15303
1028,15314
1031,15314
15608,15321
15612,15321
1038,15330
1040,15330
1054,15330
1038,15331
1040,15331
1054,15331
13431,15333
3221,15338
5377,15338
5378,15338
13236,15338
3221,15339
5377,15339
5378,15339
13236,15339
15358,9961
18325,15359
12583,15368
13234,15368
3270,15369
5572,15369
12583,15369
5987,15388
5987,15389
25171,15391
21252,15410
21254,15410
21252,15416
21254,15416
20559,15423
20561,15423
15426,14358
33669,15433
35202,15433
15437,13617
15437,13618
624,15454
3021,15454
3022,15454
3110,15454
624,15455
3021,15455
3022,15455
3110,15455
21353,15476
21355,15476
21353,15477
21355,15478
15483,498
15483,499
5901,15491
5902,15491
7872,15496
17761,15497
15530,3828
15530,11159
15530,18750
397,15536
521,15536
20945,15545
15640,15547
15640,15548
14755,15557
15560,15557
14755,15560
15557,15560
15565,14738
15565,14746
13750,15568
13754,15569
5924,15575
7953,15580
15598,12586
22052,15603
15321,15608
18508,15608
22061,15608
15321,15612
18508,15612
22055,15612
5858,15616
5862,15616
15547,15640
15548,15640
25308,15652
24899,15658
25086,15674
32383,15674
16261,15678
20235,15678
25080,15678
25082,15678
25087,15678
16209,15683
5450,15688
5460,15689
15693,15692
16201,15692
16205,15692
16236,15692
25086,15692
26273,15692
15692,15693
16202,15693
22849,15701
22849,15702
5453,15704
25190,15712
26141,15712
3268,15714
15725,28223
15725,28430
16701,15746
20744,15746
20745,15746
25300,15754
19289,15756
717,15764
13986,15783
16781,15783
15786,1384
7728,15815
7713,15843
25386,15860
18339,15862
20214,15862
20774,15862
25639,15866
15058,15879
15898,21418
15902,13362
15902,13363
25290,15908
16055,15913
2236,15915
2237,15915
12740,15934
18693,15949
14980,15952
13543,16000
16001,16000
13543,16001
16000,16001
25001,16018
29311,16018
5560,16028
6322,16039
6323,16041
6323,16043
6322,16044
6200,16046
15913,16055
20995,16055
15208,16092
15209,16092
22832,16109
25198,16109
26124,16109
30853,16133
16209,16144
32217,16144
27920,16166
27920,16167
3651,16183
16199,18856
15692,16201
16202,16201
15693,16202
16201,16202
16236,16202
25086,16202
26273,16202
15692,16205
15683,16209
16144,16209
18917,16209
25149,16211
5459,16216
25147,16217
30848,16217
14574,16233
14570,16234
14573,16234
14570,16235
14573,16235
15692,16236
16202,16236
15678,16261
19209,16261
14035,16273
17999,16274
21089,16290
16309,656
16309,658
16309,660
16309,3236
16309,3242
14247,16322
14255,16322
5868,16328
5869,16328
23308,16333
23312,16333
5562,16377
4234,16383
16395,14366
16395,28357
20338,16397
14336,16418
30509,16418
9217,16424
16426,284
16426,286
292,16427
306,16427
1522,16427
2198,16427
5015,16431
5022,16431
16432,282
16432,283
16433,282
16433,283
28337,16444
5901,16445
5902,16445
16482,414
16482,415
6664,16483
9830,16483
3983,16491
3983,16492
16511,16510
16510,16511
16538,16529
24904,16532
25387,16532
16529,16538
16541,15102
32073,16568
6196,16572
10658,16572
6196,16574
10658,16574
4991,16575
28617,16582
16586,286
17892,16590
5901,16595
5902,16595
16629,16628
16628,16629
5951,16630
5954,16630
16642,16639
15224,16640
27001,16640
18555,16641
16639,16642
15224,16645
16654,33783
16701,15746
16701,21327
16701,21329
16702,19162
18940,16717
21135,16726
27085,16731
19853,16739
21134,16764
22988,16773
13986,16778
16781,16778
15783,16781
16778,16781
17688,16789
28178,16840
14529,16841
19093,16841
23191,16859
27213,16859
13956,16862
13484,16893
13484,16894
13735,16895
16936,12586
19012,16941
21811,16962
14615,16985
19525,16985
19569,16996
14597,16999
20944,17007
17060,17059
17064,17059
17059,17060
17059,17064
17080,17076
17076,17080
14641,17092
20037,17096
7819,17105
7820,17105
17114,739
17114,740
10835,17118
10835,17119
14861,17131
20518,17131
19667,17142
5327,17185
146,17204
2233,17204
22192,17215
13678,17221
18339,17233
20214,17233
20850,17233
18339,17237
20214,17237
17242,806
15094,17244
15096,17244
17252,806
13929,17261
27612,17268
7713,17283
17289,150
17289,1288
26128,17296
17310,17302
17302,17310
15285,17383
9895,17393
8630,17432
20437,17448
13262,17454
13830,17454
17467,26128
17470,811
17470,26128
17926,17491
18786,17491
6099,17504
27748,17537
15281,17538
18631,17544
20276,17544
28582,17550
28592,17550
34662,17550
17557,28090
380,17559
2916,17559
13653,17559
20149,17560
20149,17561
17576,1130
17576,1131
17576,17973
17580,1590
17580,1592
17580,3161
17587,1855
17587,1863
17587,1864
17609,7586
17609,7587
17609,13807
17609,21544
20043,17617
20044,17617
28309,17617
28211,17620
5260,17626
5261,17626
18558,17629
28277,17659
28280,17666
16789,17688
7303,17728
14528,17740
19956,17740
17749,17747
17747,17749
15497,17761
17784,14107
17784,18030
14118,17789
17803,14107
17803,18030
17806,1590
17806,1592
17806,3161
11895,17815
17820,28437
17820,28439
17824,28437
17824,28439
17835,17829
17836,17829
17829,17835
17836,17835
17829,17836
17835,17836
17841,28223
20559,17855
20562,17856
21397,17882
21401,17882
21402,17882
21403,17882
6683,17885
7748,17885
20060,17885
20065,17885
16590,17892
3569,17894
7776,17894
13530,17903
13533,17903
28528,17907
17920,423
17920,426
17926,17491
17926,17929
17926,17929
18786,17929
17930,33783
20224,17934
17949,17945
17945,17954
17945,17956
17949,17946
17949,13413
17949,17945
17949,17946
17952,17954
17952,17956
17945,17954
17952,17954
17945,17956
17952,17956
28557,17960
15019,17966
18606,17966
13714,17968
13714,17970
17576,17973
19736,17973
26311,17989
32358,17989
23221,17993
16274,17999
19273,18010
14319,18018
17784,18030
17803,18030
22894,18031
31143,18032
28685,18048
23023,18051
28692,18051
28280,18119
18152,18143
14159,18147
18143,18152
18169,4313
18169,10667
18169,11658
15285,18180
1937,18200
1981,18200
368,18214
1255,18214
1273,18214
1276,18214
31003,18214
32236,18214
34621,18246
1408,18249
2622,18249
18256,4006
18256,8160
18256,8162
18256,11899
18258,4006
18258,8160
18258,8162
18258,11899
1605,18273
21711,18293
18305,1620
18305,1625
18305,1823
18305,1831
18308,1620
18308,1625
18309,1823
18309,1831
1596,18313
1945,18313
18318,8241
18318,9910
18318,10554
18320,8241
18320,9910
18320,10554
18325,9969
18325,15359
18325,19462
18339,15862
18339,17233
18339,17237
18339,20774
18339,20850
18381,1971
18381,2120
18386,1416
18386,1424
29415,18460
18471,2005
18471,2006
15239,18496
15239,18497
18499,4825
18499,10883
18499,34161
14784,18500
18502,4825
18502,10883
18502,34161
11836,18505
15608,18508
15612,18508
19340,18513
29596,18532
16641,18555
17629,18558
15280,18565
18570,34447
18570,34450
18574,34447
21242,18592
18593,3936
18593,5168
19366,18599
20658,18599
15019,18606
17966,18606
18616,18617
18616,18617
18623,18619
18623,18619
18631,17544
18637,6623
18637,8728
18637,10469
18637,35201
18638,6623
18638,8728
18638,10469
18638,35201
19713,18645
19861,18645
18656,34767
18656,35073
29571,18658
15949,18693
18696,2423
18696,2453
18720,19162
2353,18726
2356,18726
2359,18726
2363,18726
21245,18733
21250,18733
21269,18741
21273,18741
1408,18746
2622,18746
15530,18750
18755,166
18755,167
18755,2337
18755,3499
18755,10704
18769,8860
18769,8864
18771,34767
18771,35073
18786,17491
18786,17929
18789,18856
20608,18802
22357,18827
16199,18856
18789,18856
19071,18856
18857,173
18857,176
25100,18864
16209,18917
16717,18940
7376,18961
8558,18961
12572,18961
23614,18978
21016,18997
13492,19012
16941,19012
29405,19030
19033,29444
19033,29634
19047,2670
19047,2674
19047,20015
19047,20031
19050,1264
19050,1265
19050,1266
19050,1269
19071,18856
19074,30494
20642,19091
14527,19093
14533,19093
16841,19093
8801,19099
9511,19099
9513,19099
10789,19099
20079,19136
35233,19161
16702,19162
18720,19162
28267,19164
5451,19180
5454,19180
19210,19199
30860,19204
16261,19209
20235,19209
19199,19210
19227,8396
18010,19273
3985,19274
2353,19280
2356,19280
2359,19280
2363,19280
15756,19289
25312,19293
19305,1913
19305,1916
20396,19323
20396,19326
10707,19331
19332,1935
19332,2764
22349,19338
18513,19340
10859,19363
18599,19366
34621,19392
34678,19425
22977,19432
34832,19440
19443,34974
19443,34976
18325,19462
22002,19509
29590,19509
29596,19509
32903,19509
19514,2702
19514,2703
10007,19515
14513,19517
14650,19522
14629,19525
16985,19525
14946,19530
14946,19532
14162,19537
19569,19568
16996,19569
19568,19569
19614,173
19614,176
20728,19658
17142,19667
35023,19688
18645,19713
19736,1130
19736,1131
19736,17973
33378,19746
8651,19767
8652,19767
4573,19775
10214,19775
4573,19777
10214,19777
19779,282
19779,283
19779,298
19779,300
31749,19846
19850,8398
19851,8396
19851,8398
16739,19853
18645,19861
14816,19876
25141,19922
26194,19922
19946,3936
19946,5167
19946,10501
31879,19949
17740,19956
23924,19964
2058,19967
2111,19967
2060,19973
2352,19973
2060,19977
2352,19977
19047,20015
20925,20017
24141,20019
20021,1265
20021,1266
20021,1267
20021,1271
24142,20025
13772,20027
13772,20029
19047,20031
15262,20035
20037,103
20037,104
20037,105
20037,107
20037,17096
1252,20040
2673,20040
17617,20043
28200,20043
17617,20044
20047,20046
20046,20047
22349,20049
14731,20056
14747,20056
20059,7358
20059,7751
20060,17885
20065,17885
20066,7358
20066,7751
19136,20079
20080,2702
20080,2703
32206,20080
20082,397
20082,521
14900,20114
24035,20114
32264,20114
27771,20117
24347,20118
20144,3155
20148,382
20148,384
20149,17560
20149,17561
20151,8603
13574,20160
7359,20187
6537,20204
11689,20204
6537,20206
8251,20206
11684,20206
20214,15862
20214,17233
20214,17237
20214,20774
20214,20850
17934,20224
15678,20235
19209,20235
13644,20261
20276,17544
20282,14358
20316,4118
20316,4122
14169,20317
10114,20337
16397,20338
26527,20339
20631,20382
14900,20384
24035,20384
32264,20384
437,20390
2207,20390
19323,20396
19326,20396
20416,3631
20416,4930
20417,3631
20417,4930
24347,20424
27776,20428
5868,20433
5869,20433
17448,20437
20452,4175
20452,4177
31785,20473
14812,20477
20486,20477
20612,20480
20477,20486
14300,20509
20511,34807
20511,34811
20511,34812
20511,34814
17131,20518
32145,20533
20536,22792
4990,20539
20559,15423
20559,17855
20561,15423
20562,17856
20572,1913
20572,1916
18802,20608
28290,20610
31421,20610
20480,20612
20382,20631
19091,20642
10859,20658
18599,20658
22627,20665
31211,20696
23136,20719
19658,20728
20744,15746
20744,21328
20745,15746
20745,21327
20745,21329
14035,20752
15862,20774
18339,20774
20214,20774
20842,3590
20842,10493
20842,33624
20842,33664
17233,20850
18339,20850
20214,20850
25408,20886
25292,20899
25303,20899
14881,20901
14881,20902
20017,20925
20936,4008
20936,4009
11917,20938
20938,12231
17007,20944
15545,20945
12137,20954
3463,20957
15116,20961
20965,15055
20965,20977
20970,15055
20970,20977
20965,20977
20970,20977
16055,20995
21003,21420
21004,4568
21004,6546
21007,22792
14574,21009
18997,21016
13957,21028
26466,21048
28210,21052
12131,21071
16290,21089
7376,21094
8558,21094
21122,382
21122,384
16764,21134
16726,21135
21140,21874
21140,21877
11325,21146
29,21195
2819,21195
14629,21210
14452,21238
14452,21239
21241,3936
21242,5168
21242,18592
18733,21245
18733,21250
21252,15410
21252,15416
21254,15410
21254,15416
18741,21269
21273,21269
18741,21273
21269,21273
14610,21295
21310,178
21310,180
16701,21327
20745,21327
20744,21328
16701,21329
20745,21329
35233,21331
35233,21332
4138,21343
11702,21343
4138,21344
11702,21344
21349,4089
21349,4091
12612,21349
12613,21349
12715,21350
12716,21350
21353,15476
21353,15477
21355,15476
21355,15478
21359,13617
21359,13618
21747,21389
21394,5502
21394,5504
21395,14490
21397,17882
21399,14490
21400,14490
21401,17882
21402,17882
21403,17882
21405,21408
21406,21408
21405,21408
21406,21408
21413,4568
21413,6546
6006,21415
6009,21415
6005,21417
6009,21417
15898,21418
21003,21420
21421,13362
21421,13363
15303,21422
21427,34429
21427,35397
17609,21544
21565,8603
4621,21574
4624,21574
21577,178
21577,180
21578,178
21578,180
21583,1384
21596,178
21596,180
21597,178
21597,180
21747,21600
1052,21624
1058,21624
1052,21625
1058,21625
13658,21665
18293,21711
21747,21389
21747,21600
33245,21751
21755,21753
33245,21753
21753,21755
11067,21769
13208,21769
21860,21769
4542,21781
10010,21781
14629,21782
16962,21811
13709,21828
13883,21840
21860,21769
21140,21874
21896,21874
21140,21877
21896,21877
33290,21877
33322,21879
5858,21887
5862,21887
21896,21874
21896,21877
22626,21948
21987,21981
21981,21987
19509,22002
29594,22002
4581,22012
23578,22012
4581,22013
15603,22052
15612,22055
15608,22061
22082,22081
22081,22082
22091,375
22091,1139
22103,4118
22103,4122
22174,22173
22173,22174
3284,22188
7974,22191
17215,22192
8127,22208
30086,22213
3509,22220
23307,22221
22226,9164
22226,9825
22226,10828
11522,22231
12347,22253
22932,22253
23718,22253
26959,22253
31494,22315
26791,22318
31494,22318
29787,22323
24954,22325
29787,22325
19338,22349
20049,22349
24925,22349
9392,22357
18827,22357
29084,22360
31637,22367
22388,22390
22388,22390
34526,22390
138,22394
139,22394
3249,22403
27182,22414
27176,22416
22427,22422
22422,22427
22430,11474
22430,11476
26883,22435
30072,22449
22509,22455
25272,22471
22487,5644
22487,5645
22488,9704
22490,11487
3677,22492
22497,8851
22497,8857
22498,8851
22498,8857
22455,22509
22516,491
22516,493
6990,22531
26046,22539
30483,22539
12009,22554
3715,22555
3724,22555
25020,22569
26983,22584
26993,22584
22877,22593
21948,22626
22627,22626
20665,22627
22626,22627
22628,22627
22627,22628
3259,22672
3259,22673
11524,22688
22704,3943
22704,3946
22704,3947
5148,22712
24080,22719
24082,22719
13639,22725
5901,22756
5902,22756
30649,22756
3670,22765
10124,22765
3670,22779
345,22783
1348,22783
1354,22783
2201,22783
2767,22783
345,22785
820,22785
1347,22785
2201,22785
3210,22785
123,22792
2018,22792
2204,22792
2715,22792
20536,22792
21007,22792
9314,22816
7713,22829
16109,22832
26117,22832
26120,22832
15701,22849
15702,22849
25161,22849
26094,22849
26095,22849
22593,22877
18031,22894
12550,22897
26549,22907
5901,22929
5902,22929
22253,22932
22964,1950
22964,1952
19432,22977
13938,22979
13941,22979
16773,22988
26351,22995
27843,22995
14075,23011
7331,23019
12307,23022
18051,23023
28692,23023
11695,23033
23046,23045
23048,23045
23045,23046
23048,23046
23045,23048
23046,23048
23084,23049
27219,23072
27127,23079
27127,23080
23049,23084
26285,23094
23126,1595
23126,1597
20719,23136
30270,23157
23183,23181
23185,23182
23181,23183
23182,23185
13970,23189
13971,23189
16859,23191
26923,23204
26389,23206
17993,23221
26360,23222
30270,23228
23267,23246
4082,23258
26375,23263
23246,23267
24035,23281
32264,23281
24346,23282
22221,23307
16333,23308
16333,23312
4245,23322
23363,4304
23363,4309
14290,23365
23371,23370
23370,23371
26926,23371
14292,23385
14300,23386
26901,23386
30881,23386
26901,23387
30881,23387
24568,23400
24568,23410
26483,23412
26599,23441
27020,23444
13096,23455
14458,23455
28577,23455
30162,23462
7660,23464
25243,23506
12641,23513
12645,23513
26252,23537
478,23543
2570,23543
2879,23543
29135,23549
23566,23560
23560,23566
14553,23572
14553,23573
22012,23578
23602,23581
23581,23602
23614,23611
14576,23614
18978,23614
23611,23614
28172,23614
31211,23671
4643,23683
14635,23683
27540,23692
7049,23695
6276,23699
3408,23712
22253,23718
26958,23718
28972,23725
3603,23750
24093,23825
25834,23911
19964,23924
32695,23930
9320,23950
9320,23958
24961,23968
755,23976
2185,23976
32252,23981
25019,24012
20114,24035
20384,24035
23281,24035
22719,24080
22719,24082
23825,24093
29759,24093
31265,24093
10573,24103
24140,1253
24140,1254
24141,1263
24141,20019
24142,20025
26593,24146
31428,24169
31476,24169
25613,24188
30993,24204
30994,24204
24234,898
24234,902
24235,872
24235,873
2417,24235
2501,24235
26879,24238
27758,24261
5015,24262
5022,24262
24267,143
24267,155
24268,33046
24298,9164
24298,9825
24298,10828
24301,35093
8626,24306
27630,24312
24770,24336
23282,24346
20118,24347
20424,24347
24357,24356
24357,24356
24357,35135
24375,24374
24374,24375
5901,24384
5902,24384
834,24393
835,24393
877,24396
880,24396
894,24404
896,24404
3061,24411
3063,24411
24439,954
24439,955
28036,24441
966,24444
967,24444
966,24445
967,24445
24478,24468
24468,24478
5954,24501
24516,24511
24511,24516
5271,24518
24523,990
24523,991
8403,24536
5455,24551
5559,24566
5559,24567
23400,24568
23410,24568
28066,24616
1189,24642
2214,24642
2838,24642
24679,242
24679,2827
24692,24698
24692,29021
24696,24698
24696,29021
24692,24698
24696,24698
8030,24704
8813,24726
24737,24731
24737,24732
24731,24737
24732,24737
5835,24746
13533,24765
14898,24770
24336,24770
13533,24791
24809,24806
24810,24807
24811,24807
24806,24809
24807,24810
30144,24810
24807,24811
30144,24811
24816,24812
30161,24812
24812,24816
24831,35077
24831,35093
25384,24878
25386,24887
15658,24899
16532,24904
33045,24912
27504,24921
22349,24925
32906,24940
8256,24943
22325,24954
29218,24957
23968,24961
30013,24969
30077,24974
25005,24986
16018,25001
24986,25005
13566,25006
24012,25019
22569,25020
5966,25056
25717,25057
29548,25063
15678,25080
15678,25082
15674,25086
15692,25086
16202,25086
15678,25087
18864,25100
30848,25115
26273,25138
25143,25139
26193,25139
19922,25141
25139,25143
26191,25143
32217,25146
16217,25147
16211,25149
22849,25161
15391,25171
5450,25173
5452,25175
5450,25179
5450,25180
26105,25186
15712,25190
25197,25192
26102,25192
5564,25194
26097,25195
25192,25197
16109,25198
26120,25198
23506,25243
25368,25249
26136,25250
29033,25254
22471,25272
29261,25272
25305,25289
15908,25290
20899,25292
15754,25300
20899,25303
25289,25305
25348,25305
15652,25308
19293,25312
25364,25340
28807,25345
25305,25348
25340,25364
25249,25368
31025,25368
24878,25384
15860,25386
24887,25386
16532,25387
20886,25408
6040,25415
7285,25416
8764,25416
25665,25422
3408,25426
11850,25463
25696,25605
25696,25606
6165,25608
24188,25613
4584,25634
15866,25639
25422,25665
26105,25669
28857,25673
25605,25696
25606,25696
10907,25698
25057,25717
28409,25721
5148,25726
12450,25726
6281,25751
31386,25770
25771,3941
25771,5202
25815,25817
25815,25818
25815,25817
29967,25817
25815,25818
29967,25818
30106,25823
30107,25823
23911,25834
29787,25881
25890,25884
25884,25890
25913,25893
25893,25913
3717,25935
28632,25940
28632,25941
31478,25946
32341,25992
3680,26044
8833,26044
22539,26046
29777,26052
30636,26065
22849,26094
22849,26095
25195,26097
25192,26102
25186,26105
25669,26105
26117,26112
26120,26112
26122,26116
26123,26116
22832,26117
26112,26117
22832,26120
25198,26120
26112,26120
26122,26120
26123,26120
26124,26120
26116,26122
26120,26122
26116,26123
26120,26123
16109,26124
26120,26124
6165,26126
17296,26128
17467,26128
17470,26128
25250,26136
15712,26141
14545,26143
14546,26143
26145,168
26145,170
26149,26146
26155,26146
26146,26149
26161,26149
26146,26155
26161,26155
26149,26161
26155,26161
25143,26191
26193,26191
25139,26193
26191,26193
19922,26194
1524,26235
26241,26239
1524,26240
26239,26241
1445,26242
1524,26242
23537,26252
15692,26273
16202,26273
25138,26273
23094,26285
8210,26289
26616,26297
17989,26311
13852,26351
22995,26351
23222,26360
23263,26375
23206,26389
26406,26397
26397,26406
13983,26430
13983,26431
11725,26439
14238,26443
29423,26450
21048,26466
23412,26483
26519,26512
26512,26519
20339,26527
30509,26538
26544,26543
26543,26544
26549,26548
22907,26549
26548,26549
14433,26555
14444,26579
14444,26580
24146,26593
29686,26593
23441,26599
26297,26616
32859,26619
14027,26625
7927,26630
9748,26657
26658,517
26658,1287
26658,2097
26672,26663
26672,26664
26663,26672
26664,26672
5966,26757
26760,474
26761,473
26761,474
26771,473
26771,474
22318,26791
32141,26800
32126,26806
4910,26827
26846,26838
26838,26846
24238,26879
22435,26883
23386,26901
23387,26901
23204,26923
23371,26926
12347,26958
23718,26958
22253,26959
7490,26977
22584,26983
22584,26993
16640,27001
23444,27020
32033,27028
16731,27085
6429,27103
33854,27106
35196,27106
8023,27121
23079,27127
23080,27127
14194,27131
10390,27146
33324,27163
22416,27176
22414,27182
16859,27213
23072,27219
4739,27249
27277,5715
27277,5716
755,27341
2185,27341
755,27342
2185,27342
32584,27391
4657,27411
24921,27504
30154,27525
30155,27525
30154,27526
30155,27526
7001,27532
23692,27540
33959,27541
33596,27544
33597,27544
13947,27612
17268,27612
24312,27630
27748,27747
17537,27748
27747,27748
24261,27758
14895,27771
20117,27771
27774,143
27774,155
20428,27776
8601,27786
27999,27825
2236,27827
2237,27827
22995,27843
27896,1838
27896,1839
27917,14833
16166,27920
16167,27920
29568,27962
27971,27969
27970,2376
27970,2378
27969,27971
27983,997
27983,1015
27825,27999
24441,28036
2024,28042
2026,28042
33178,28064
24616,28066
17557,28090
28173,28092
353,28101
365,28101
28102,4935
28103,4935
7936,28112
28126,1620
28126,1625
14457,28140
30071,28141
31371,28154
31371,28156
28158,28571
28158,28572
28158,32797
23614,28172
28092,28173
28177,498
28177,499
16840,28178
20043,28200
21052,28210
17620,28211
87,28223
2716,28223
15725,28223
17841,28223
28249,987
28249,988
28263,28262
28262,28263
19164,28267
17659,28277
17666,28280
18119,28280
28283,28280
28280,28283
28286,918
28286,919
29973,28288
31799,28288
20610,28290
17617,28309
16444,28337
16395,28357
32839,28358
28413,28359
4910,28372
13632,28376
32272,28387
32371,28387
25721,28409
28413,28359
87,28430
2716,28430
15725,28430
17820,28437
17824,28437
17820,28439
17824,28439
969,28505
970,28505
17907,28528
17960,28557
969,28561
970,28561
28158,28571
28158,28572
14454,28577
23455,28577
30893,28579
28582,17550
29113,28591
28592,17550
13970,28617
13973,28617
16582,28617
25940,28632
25941,28632
18048,28685
28691,28690
28690,28691
18051,28692
23023,28692
32806,28791
25345,28807
25673,28857
13834,28888
12784,28893
28903,353
28903,365
29958,28929
3638,28930
28931,28930
3638,28931
28930,28931
28947,822
28947,823
28964,28949
28965,28949
28969,28949
28966,28953
28967,28954
28968,28954
28949,28964
28949,28965
28953,28966
28954,28967
28954,28968
28949,28969
23725,28972
28973,1775
28973,1936
1711,28975
2089,28975
1599,28976
1899,28976
28989,28987
28990,28987
28987,28989
28987,28990
30021,29015
24692,29021
24696,29021
25254,29033
22360,29084
28591,29113
31448,29120
29130,1771
29130,1773
23549,29135
6017,29152
33080,29158
33076,29161
33077,29161
33080,29161
1415,29206
1835,29206
1415,29207
1835,29207
1412,29210
1844,29210
24957,29218
29442,29238
25272,29261
29273,1783
29273,1792
29273,2469
1709,29285
3008,29285
29288,1472
29288,1474
29289,1971
29289,2120
29290,1712
29290,1713
29290,1716
29290,1719
16018,29311
29372,3598
927,29390
928,29390
29394,29393
32162,29393
29393,29394
32162,29394
29402,1971
29402,2120
14986,29404
19030,29405
2458,29407
2460,29407
18460,29415
26450,29423
29238,29442
19033,29444
29450,1971
29450,2120
29460,2057
29460,2059
29730,29480
25063,29548
27962,29568
18658,29571
19509,29590
22002,29594
29597,29594
32872,29594
18532,29596
19509,29596
29594,29597
32296,29597
8601,29629
19033,29634
26593,29686
31321,29686
8636,29698
32258,29716
9371,29718
29480,29730
31463,29746
1406,29748
2621,29748
24093,29759
26052,29777
22323,29787
22325,29787
25881,29787
30168,29810
29924,29829
30071,29829
32002,29832
12307,29878
15016,29879
29829,29924
8071,29936
8813,29937
28929,29958
29967,25817
29967,25818
28288,29973
31791,29973
30004,30003
30003,30004
24969,30013
29015,30021
5970,30052
8585,30071
28141,30071
29829,30071
22449,30072
24974,30077
9390,30083
22213,30086
12158,30102
13131,30102
25823,30106
25823,30107
24810,30144
24811,30144
27525,30154
27526,30154
27525,30155
27526,30155
24812,30161
23462,30162
29810,30168
31824,30173
31825,30173
32597,30173
30190,35077
32402,30233
32402,30234
2262,30242
2264,30242
2262,30244
2264,30244
2058,30246
2111,30246
2058,30249
2111,30249
23157,30270
23228,30270
6746,30296
9153,30321
8903,30336
3261,30418
7229,30418
30469,30468
30468,30469
32806,30474
22539,30483
30492,30494
19074,30494
30492,30494
16418,30509
26538,30509
30551,5644
30551,5645
32296,30626
26065,30636
5901,30649
5902,30649
22756,30649
30667,30666
30669,30666
30666,30667
30669,30667
30666,30669
30667,30669
30793,30790
30790,30793
1445,30826
1524,30826
16217,30848
25115,30848
16133,30853
19204,30860
23386,30881
23387,30881
28579,30893
9748,30948
30969,473
24204,30993
24204,30994
31003,14899
31003,18214
32347,31008
25368,31025
5239,31096
31122,2152
31122,2372
18032,31143
13439,31151
31197,31159
2025,31178
2421,31178
31159,31197
2423,31205
2453,31205
31207,2423
31207,2453
2631,31209
2636,31209
20696,31211
23671,31211
31229,34725
31230,34722
24093,31265
33206,31273
29686,31321
31324,1953
31327,1954
3968,31338
5148,31342
28154,31371
28156,31371
25770,31386
31404,14954
31404,14956
14960,31421
20610,31421
32709,31421
24169,31428
3715,31429
3724,31429
3720,31431
29120,31448
29746,31463
31464,1907
31464,2118
24169,31476
25946,31478
22315,31494
22318,31494
7939,31516
31543,168
31543,170
32339,31555
3575,31562
6591,31612
31613,3612
31613,4927
22367,31637
31668,31667
31669,31667
31667,31668
31667,31669
4343,31698
19846,31749
20473,31785
29973,31791
31799,31791
12306,31794
31800,31797
31801,31797
28288,31799
31791,31799
31797,31800
31797,31801
30173,31824
30173,31825
13938,31840
32829,31844
19949,31879
31989,31885
31993,31885
31885,31989
31885,31993
29832,32002
27028,32033
16568,32073
14887,32117
26806,32126
32141,32140
26800,32141
32140,32141
32620,32144
20533,32145
32158,32153
32160,32153
32163,32155
32164,32155
32159,32157
32153,32158
32157,32159
32153,32160
29393,32162
29394,32162
32155,32163
32155,32164
32190,2423
32190,2453
2597,32194
2600,32194
2020,32200
2056,32200
10496,32206
20080,32206
16144,32217
25146,32217
35065,32223
32821,32229
32236,14899
32236,18214
32239,3612
32239,4927
23981,32252
33197,32255
29716,32258
20114,32264
20384,32264
23281,32264
28387,32272
32371,32272
29597,32296
30626,32296
31555,32339
25992,32341
31008,32347
17989,32358
9572,32365
9579,32365
14897,32368
28387,32371
32272,32371
15674,32383
30233,32402
30234,32402
7115,32429
8585,32447
8751,32462
8751,32464
32547,35070
32548,35070
27391,32584
11360,32588
9375,32590
30173,32597
32144,32620
14774,32688
13563,32690
14774,32690
23930,32695
31421,32709
32762,32754
32762,32761
32754,32762
32761,32762
28158,32797
28791,32806
30474,32806
32229,32821
31844,32829
32839,28358
26619,32859
29594,32872
11115,32876
7261,32885
11115,32885
19509,32903
24940,32906
13587,32926
13970,33005
13971,33005
33017,33016
33016,33017
33029,10188
33029,10190
33030,10188
33030,10190
24912,33045
24268,33046
33059,33054
33054,33059
29161,33076
29161,33077
33080,29158
33080,29161
28064,33178
33194,469
33194,831
32255,33197
31273,33206
21751,33245
21753,33245
33265,1847
33265,1849
8607,33269
10998,33269
21877,33290
13040,33291
21879,33322
27163,33324
5383,33360
4671,33364
19746,33378
33412,33410
33414,33410
33412,33411
33410,33412
33411,33412
33410,33414
33427,33442
33427,33444
33427,33452
9360,33433
10741,33433
33427,33442
35492,33442
33427,33444
35492,33444
5083,33451
33427,33452
35492,33452
34829,33457
34837,33457
33468,3312
33468,3313
33468,9108
33470,4196
33470,4198
33473,3320
33473,3321
1524,33476
1524,33477
14270,33483
34265,33483
33487,3590
33487,11745
33520,13730
33520,13731
33523,33522
33522,33523
34979,33560
34981,33560
34979,33562
34981,33562
33590,34725
27544,33596
33952,33596
27544,33597
33597,33950
33597,34263
5733,33615
5733,33616
5731,33617
5731,33621
20842,33624
34290,33627
35365,33632
35368,33632
35369,33632
35365,33637
35368,33637
35369,33637
33662,191
33662,3321
33662,8000
33662,34821
20842,33664
33669,15433
4426,33686
12494,33686
14460,33692
33703,33839
33703,33840
35436,33707
35436,33714
33720,14665
33726,33723
33726,33723
33726,33727
33726,33727
329,33739
572,33739
33749,14833
33754,14833
14834,33768
16654,33783
17930,33783
33795,3823
33795,4903
3673,33797
34164,33806
14946,33821
33825,14929
33825,14934
33838,33839
33838,33840
33703,33839
33838,33839
33703,33840
33838,33840
27106,33854
33855,14833
33856,14833
33860,14833
1524,33876
34166,33896
35139,33919
10615,33938
10616,33938
33946,33950
33952,33946
5244,33949
33597,33950
33946,33950
33952,33950
5244,33951
33952,33596
33952,33946
33952,33950
5244,33954
33959,5246
33959,12115
33959,27541
35337,34016
34051,5303
34051,5305
34273,34090
34122,10689
34122,10694
3874,34146
18499,34161
18502,34161
34162,2905
33806,34164
33896,34166
14834,34171
35298,34186
137,34255
137,34258
13748,34262
33597,34263
34265,33483
184,34268
188,34268
192,34268
1325,34268
34273,34271
34273,34090
34273,34271
35233,34282
34284,3307
34284,3308
34284,3309
34284,3927
14460,34286
34290,33627
1520,34317
7160,34327
34330,34329
34329,34330
34336,5241
34341,34339
34339,34341
34355,34350
34355,34350
34364,7397
34364,9381
34364,12427
34413,7595
21427,34429
18570,34447
18574,34447
18570,34450
34452,2051
34454,160
34454,161
34455,101
34455,1455
34526,22390
5638,34528
8311,34528
5638,34531
8311,34531
1984,34565
1984,34567
14946,34585
34621,18246
34621,19392
34795,34624
2391,34625
2392,34625
34712,34625
2064,34626
2066,34626
2071,34626
2073,34626
2391,34627
2392,34627
34712,34627
1628,34640
1631,34640
34645,1540
34645,1687
34645,3127
34645,3128
34646,1540
34646,1687
34646,3127
34646,3128
34648,1540
34648,1687
34648,3127
34648,3128
34651,1540
34651,1687
34651,3127
34651,3128
34659,34718
34659,34951
34662,17550
34678,2905
19425,34678
2458,34680
2458,34683
2108,34684
2109,34684
2156,34684
2157,34684
35049,34691
34947,34697
34947,34699
34704,34922
34712,34625
34712,34627
34712,34799
34659,34718
35265,34718
31230,34722
31229,34725
33590,34725
2064,34729
2066,34729
2071,34729
2073,34729
34738,7690
34738,7692
34738,7693
7688,34741
11414,34741
34753,3312
34753,3313
34753,9108
18656,34767
18771,34767
34843,34767
1445,34777
1524,34777
1524,34778
1408,34793
2622,34793
1408,34794
2623,34794
2943,34794
34795,34624
34795,34797
34795,35268
34795,34797
2108,34798
2156,34798
2391,34798
34712,34799
20511,34807
20511,34811
20511,34812
20511,34814
34819,3307
34819,3308
34819,3309
34819,3927
33662,34821
34829,33457
19440,34832
34837,33457
34843,34767
34843,35073
34847,3647
34847,3649
34848,3647
34848,3649
1524,34857
34902,2171
34902,2175
12086,34909
10459,34910
10460,34910
34704,34922
35250,34922
34947,34697
34947,34699
34659,34951
35265,34951
10437,34955
10439,34955
10437,34956
10439,34956
10437,34957
10439,34957
12595,34966
19443,34974
19443,34976
34979,33560
34979,33562
34981,33560
34981,33562
35019,13826
19688,35023
35496,35046
35049,34691
32223,35065
32547,35070
32548,35070
18656,35073
18771,35073
34843,35073
4966,35074
4972,35074
24831,35077
30190,35077
24301,35093
24831,35093
4969,35096
35123,3911
35123,3938
35123,7411
35123,7414
35135,35134
24357,35135
35134,35135
33919,35139
27106,35196
35199,10150
35199,11330
18637,35201
18638,35201
35202,15433
35233,19161
35233,21331
35233,21332
35233,34282
35238,14665
10437,35239
10439,35239
35240,3911
35240,3938
35240,7411
35240,7414
35250,34922
5597,35256
5599,35256
35265,34718
35265,34951
34795,35268
34186,35298
34016,35337
35356,301
35358,4196
35358,4198
35365,33632
35365,33637
35368,33632
35368,33637
35369,33632
35369,33637
35386,3591
35386,3592
21427,35397
35436,33707
35436,33714
35492,33442
35492,33444
35492,33452
35046,35496
